0 11 0 18 19 0 0 0 1 4 0 0 2 0 4 0 0 0 87 0 1 0 0 58 1 1 17 0 0 2 13 0 0 0 0 4 4 0 0 0 2 5 0 0 3 19 15 27 8 5 0 2 1 3 34 0 93 0 24 22 0 7 0 15 
1 0 0 1 4 0 0 0 0 0 0 2 1 0 1 0 0 0 0 0 0 0 0 0 0 2 7 0 0 0 1 0 0 0 1 6 0 0 0 0 0 0 0 0 0 0 1 1 0 0 0 0 0 0 1 5 0 0 0 0 0 0 0 0 
0 2 0 3 8 0 0 3 0 1 0 12 0 0 1 1 0 0 0 0 4 0 0 1 0 0 4 0 0 4 1 0 0 5 0 0 2 0 0 0 0 0 0 0 0 0 0 1 1 0 0 0 4 0 11 1 2 0 5 1 1 0 0 1 
0 0 0 2 0 0 0 0 3 0 0 3 0 0 0 0 0 0 0 0 3 0 0 0 0 2 5 0 0 0 0 3 0 0 0 1 0 0 0 0 0 1 0 0 0 0 3 2 1 0 0 0 0 1 0 5 0 0 0 0 0 0 0 0 
0 0 0 3 0 0 0 0 0 0 0 0 0 0 0 5 0 0 0 0 0 0 0 3 0 2 3 0 0 0 3 0 0 0 0 2 0 0 0 0 0 0 0 1 0 0 2 5 2 0 0 0 0 0 0 1 1 2 0 0 0 0 0 0 
0 8 2 0 5 0 0 0 0 0 0 0 0 0 0 0 0 0 1 0 0 0 0 0 0 0 6 0 0 0 9 1 0 0 0 17 0 0 0 0 0 4 0 0 1 9 0 7 3 1 0 0 1 1 2 11 0 4 0 0 0 0 3 3 
2 25 0 1 19 0 6 4 8 12 0 10 2 0 3 0 0 0 0 0 0 0 0 17 16 1 3 0 0 7 45 1 0 0 0 33 1 0 0 0 0 68 0 2 3 23 14 26 52 0 0 0 4 2 41 1 6 0 1 0 11 0 0 5 
2 25 4 3 13 0 0 0 25 1 0 0 0 0 0 13 0 0 1 0 18 0 0 10 4 4 52 0 0 0 8 1 0 0 2 29 0 0 0 0 1 1 0 0 0 1 3 3 3 0 0 0 0 7 2 0 5 27 0 0 0 2 9 1 
0 1 0 0 4 0 0 0 0 0 0 0 0 0 0 0 0 0 0 0 0 0 0 0 2 0 4 0 0 1 0 4 0 0 0 2 0 0 0 0 0 0 0 1 0 2 0 7 0 0 0 0 1 1 4 5 0 0 0 0 0 0 0 1 
1 13 6 13 22 0 0 2 3 3 0 21 1 0 1 13 0 0 0 0 21 0 0 14 0 0 19 0 0 2 0 0 0 0 0 0 2 0 0 0 0 0 0 0 0 3 0 1 0 2 0 0 2 5 18 8 10 10 1 0 0 0 3 1 
2 0 0 1 1 0 0 0 0 0 0 0 0 0 0 4 0 0 0 0 0 0 0 2 0 0 0 0 0 0 0 0 0 0 0 3 1 0 0 0 0 0 0 0 0 0 0 2 0 2 0 0 0 0 1 0 1 0 0 0 0 0 0 0 
1 0 0 0 2 0 0 0 2 0 0 0 3 0 0 0 0 0 0 0 1 0 0 0 0 20 4 0 0 0 10 1 0 0 1 20 0 0 0 0 0 2 0 37 0 0 1 4 3 0 0 1 0 2 0 1 0 4 0 0 0 0 0 0 
3 0 0 7 4 0 0 0 0 0 0 0 1 0 1 0 0 0 0 0 0 0 0 0 0 3 1 0 0 0 0 28 0 0 0 6 0 0 0 0 0 0 0 10 0 0 0 2 0 6 0 1 0 1 6 0 0 0 0 0 0 0 0 0 
0 0 0 0 0 0 0 0 0 0 0 0 0 0 0 0 0 0 0 0 0 0 0 1 0 0 0 0 0 0 4 2 0 0 0 2 0 0 0 0 0 1 0 3 0 0 0 6 4 0 0 0 0 0 0 11 1 0 0 0 0 0 0 0 
0 1 0 5 1 0 0 0 0 0 0 0 0 0 0 10 0 0 0 0 6 0 0 13 0 1 7 0 0 0 0 1 0 0 0 2 0 0 0 0 0 0 0 0 0 0 0 7 1 0 0 0 0 0 3 3 6 2 0 0 0 0 0 1 
0 5 0 2 2 0 0 0 2 0 0 0 0 0 0 6 0 0 0 0 0 0 0 0 0 2 1 0 0 0 0 2 0 0 0 8 0 0 0 0 0 0 0 3 0 1 0 0 0 0 0 0 0 0 0 1 0 0 0 0 0 0 0 0 
0 7 0 11 8 0 0 0 1 0 0 1 0 0 0 5 0 0 0 0 2 0 0 18 0 5 12 0 0 0 3 0 0 0 0 1 0 0 0 0 4 0 0 4 0 0 11 6 1 0 0 0 0 0 10 1 10 0 1 1 0 0 0 7 
3 6 2 7 20 2 0 4 3 4 0 25 6 0 3 22 0 0 0 0 2 0 0 15 0 0 31 0 0 0 0 3 0 0 1 0 3 0 0 0 0 0 0 0 0 1 0 1 0 6 0 0 0 4 21 2 8 2 9 0 0 0 0 5 
0 2 0 5 0 0 0 0 10 0 0 5 0 0 4 28 0 0 0 0 3 0 0 6 0 3 3 0 0 1 13 5 0 0 0 5 1 0 0 0 0 0 0 2 0 0 3 8 4 1 0 0 0 3 4 3 7 0 0 0 1 0 0 0 
0 1 0 4 0 0 0 1 0 0 0 5 0 0 0 0 0 0 0 0 0 0 0 4 0 0 2 0 0 0 0 0 0 0 0 0 0 0 0 0 0 0 0 0 0 1 0 0 0 0 0 0 0 0 2 0 2 0 0 0 0 0 0 3 
0 2 0 5 0 0 0 0 2 0 0 6 0 0 0 9 0 0 0 0 0 0 0 4 0 0 8 0 0 0 2 4 0 0 0 6 0 0 0 0 0 0 0 1 0 0 3 5 1 0 0 0 0 0 0 0 0 5 0 0 0 0 0 0 
0 3 0 1 6 0 0 0 0 0 0 9 1 0 6 0 0 0 0 0 1 0 0 3 0 3 4 0 0 2 11 7 0 0 0 10 0 0 0 0 0 0 0 5 0 2 0 5 7 1 0 1 0 2 3 12 1 1 0 0 0 0 0 1 
3 5 4 2 0 0 1 0 1 2 0 6 0 0 0 11 0 0 2 0 5 0 0 6 0 17 5 0 0 0 64 4 0 0 0 23 0 0 0 0 1 32 0 8 0 1 2 12 46 0 0 0 0 2 4 6 1 0 0 2 0 1 0 1 
0 0 0 4 0 0 0 0 0 0 0 0 0 0 0 5 0 0 0 0 0 0 0 5 0 0 1 0 0 0 2 0 0 4 0 3 0 0 0 0 0 0 0 0 0 0 0 3 0 0 0 0 0 0 0 2 2 2 2 0 0 0 0 0 
95 11 100 8 56 18 0 0 33 0 0 29 162 0 29 128 0 0 0 0 1 0 0 25 0 8 70 0 0 3 60 95 0 3 78 61 48 0 0 0 0 43 0 23 1 1 30 44 56 79 0 60 0 118 23 90 8 112 2 0 2 0 95 0 
0 0 0 0 0 0 0 3 0 0 0 0 0 0 0 0 0 0 0 0 0 0 0 7 0 0 0 0 0 0 2 0 0 0 0 1 0 0 0 0 0 0 0 0 0 0 1 3 1 0 0 0 0 0 0 0 1 1 0 0 0 0 0 0 
130 14 22 27 52 206 0 20 7 5 0 36 58 0 61 21 0 0 4 0 18 0 0 83 7 9 13 0 0 27 43 29 0 1 61 16 36 0 0 0 17 24 0 14 33 18 38 83 47 65 0 161 41 42 63 10 70 22 16 40 11 42 0 37 
2 13 2 1 20 3 0 5 0 5 0 5 0 0 1 4 0 0 2 0 2 0 0 15 19 0 3 0 0 3 15 0 0 0 0 11 0 0 0 0 0 4 0 0 2 26 6 12 13 2 0 0 13 0 11 21 13 15 6 3 0 0 0 7 
8 69 4 10 22 1 36 28 6 28 0 22 3 0 24 38 0 0 13 0 58 0 0 125 3 14 83 0 0 23 83 53 0 21 1 33 2 0 0 0 3 209 0 61 86 77 129 82 140 4 0 11 8 9 98 84 181 26 44 37 84 18 9 44 
11 18 6 16 26 4 7 12 7 10 0 15 4 0 12 22 0 0 0 0 13 0 0 39 1 3 28 0 0 0 0 40 0 1 2 7 18 0 0 0 3 0 0 18 1 7 1 12 1 9 0 1 8 7 49 30 19 9 2 4 1 4 3 9 
0 0 0 3 3 0 0 0 0 0 0 1 0 0 0 8 0 0 0 0 0 0 0 2 0 0 8 0 0 0 1 8 0 0 0 9 0 0 0 0 0 0 0 0 0 0 1 3 0 0 0 0 0 0 2 21 2 4 0 0 0 0 1 0 
2 1 0 8 2 0 0 0 2 0 0 3 2 0 1 4 0 0 0 0 0 0 0 2 0 0 2 0 0 0 2 1 0 0 1 5 1 0 0 0 0 0 0 1 0 2 0 16 0 1 0 0 0 1 1 4 0 4 0 0 0 0 1 0 
0 0 0 1 0 0 0 0 0 0 0 1 0 0 0 0 0 0 0 0 0 0 0 4 0 1 5 0 0 0 4 7 0 0 0 3 0 0 0 0 0 0 0 1 0 0 0 1 0 0 0 0 0 0 0 5 0 2 0 0 0 0 0 0 
0 1 0 4 1 0 0 1 0 0 0 3 0 0 2 10 0 0 0 0 7 0 0 11 0 0 4 0 0 0 0 3 0 0 0 5 0 0 0 0 0 0 0 9 0 0 0 12 0 0 0 0 0 0 3 0 3 4 1 0 0 0 0 0 
0 0 0 0 7 0 3 29 0 0 0 0 0 0 2 0 0 0 0 0 0 0 0 11 0 0 5 0 0 2 9 2 0 3 1 9 2 0 0 0 0 3 0 2 6 0 15 23 13 0 0 0 5 0 12 0 13 3 6 0 1 3 0 2 
0 2 0 4 1 0 0 0 0 0 0 6 0 0 0 1 0 0 2 0 0 0 0 11 0 2 6 0 0 0 1 0 0 0 0 4 0 0 0 0 0 0 0 0 0 5 1 4 0 0 0 0 2 0 4 0 5 1 0 0 0 0 0 18 
0 8 0 2 26 0 0 2 4 2 0 19 1 0 9 20 0 0 0 0 9 0 0 34 5 1 38 0 0 16 27 0 0 0 0 10 9 0 0 0 0 1 0 9 4 5 3 51 6 38 0 0 10 6 62 10 18 1 0 0 0 0 1 8 
0 0 0 0 0 0 0 0 0 0 0 1 0 0 2 7 0 0 0 0 0 0 0 0 0 0 0 0 0 0 4 0 0 0 0 0 2 0 0 0 0 0 0 4 0 0 3 9 1 0 0 0 0 0 3 10 2 0 0 0 0 0 0 0 
0 33 17 18 6 0 0 6 64 7 0 2 1 0 0 5 0 0 0 0 28 0 0 10 9 10 26 0 0 4 28 7 0 0 5 23 2 0 0 0 0 12 0 4 6 17 17 19 24 0 0 0 13 22 9 21 12 30 1 0 1 0 48 3 
2 34 0 0 20 1 0 22 3 68 0 9 4 0 17 3 0 0 14 0 2 0 0 62 18 0 30 0 0 6 20 0 0 2 2 13 0 0 0 0 52 2 0 0 18 31 4 48 4 2 0 4 1 5 68 1 79 3 8 10 1 23 0 52 
0 5 0 10 1 0 0 9 0 0 0 0 0 0 2 1 0 0 0 0 0 0 0 5 0 1 2 0 0 0 4 0 0 0 0 1 0 0 0 0 3 0 0 0 3 0 5 2 0 0 0 0 0 3 3 0 16 0 3 0 1 0 0 0 
0 0 0 0 2 0 0 1 0 0 0 0 0 0 1 0 0 0 0 0 0 0 0 0 0 1 0 0 0 0 3 0 0 1 0 9 0 0 0 0 0 0 0 1 0 1 0 6 2 0 0 0 0 0 2 12 2 2 1 0 0 0 0 1 
5 0 14 18 70 4 0 71 6 0 0 5 10 0 72 7 0 0 6 0 0 0 0 18 1 42 19 0 0 95 100 41 0 74 2 58 111 0 0 0 0 333 0 31 11 0 132 82 257 86 0 4 1 27 65 53 31 25 108 0 59 0 12 0 
0 8 0 8 1 0 0 0 0 0 0 2 0 0 0 0 0 0 0 0 0 0 0 18 0 0 10 0 0 0 3 1 0 0 0 1 0 0 0 0 0 0 0 0 0 3 0 9 0 0 0 0 0 0 5 0 2 0 3 0 0 0 0 6 
0 0 0 1 0 0 0 0 1 0 0 0 0 0 0 0 0 0 0 0 0 0 0 0 0 2 2 0 0 0 4 5 0 0 0 10 0 0 0 0 0 0 0 1 0 0 0 1 1 0 0 0 0 1 0 5 0 1 0 0 0 0 0 0 
0 2 4 0 1 0 0 0 0 0 0 1 0 0 0 1 0 0 0 0 1 0 0 7 0 8 4 0 0 0 9 0 0 0 0 10 0 0 0 0 1 2 0 0 0 2 0 9 3 0 0 0 0 1 2 8 0 7 0 0 0 3 2 0 
3 6 46 2 4 1 0 5 3 2 0 10 7 0 6 3 0 0 1 0 2 0 0 16 5 2 12 0 0 7 46 8 0 2 0 25 3 0 0 0 0 15 0 7 5 20 15 49 26 11 0 3 4 22 8 0 13 47 7 1 6 0 18 6 
0 0 1 2 0 0 0 0 0 0 0 5 0 0 0 1 0 0 0 0 0 0 0 2 0 0 1 0 0 0 0 4 0 0 0 2 0 0 0 0 0 0 0 0 0 0 0 6 0 0 0 0 0 0 0 0 0 0 0 0 0 0 0 0 
0 1 0 5 0 0 0 3 0 0 0 7 0 0 0 2 0 0 0 0 2 0 0 10 0 2 13 0 0 0 6 0 0 0 0 9 0 0 0 0 0 1 0 0 3 0 0 6 1 0 0 0 0 0 2 0 2 5 0 0 0 0 0 0 
1 5 0 0 0 0 0 0 4 0 0 3 4 0 0 0 0 0 0 0 9 0 0 10 0 0 8 0 0 0 4 0 0 0 0 10 0 0 0 0 0 0 0 0 0 0 0 3 0 0 0 0 0 0 2 0 1 4 1 0 0 0 0 1 
