77 0 0 0 5 0 31 35 285 30 0 0 0 0 0 0 0 81 68 94 0 4 82 0 148 0 170 2 0 0 0 1 6 21 4 107 13 15 32 0 1 0 0 0 0 72 5 29 0 22 81 0 78 0 0 0 0 3 0 31 0 88 0 7 
1 0 0 0 1 0 0 0 1 0 0 1 1 0 0 0 0 1 0 6 0 0 0 0 4 0 22 0 0 0 0 22 18 1 1 34 0 13 2 0 5 0 0 0 0 1 0 2 0 18 0 0 0 0 1 0 0 3 0 31 0 2 0 0 
21 0 0 4 5 0 13 3 5 8 0 1 53 0 0 0 0 60 1 24 0 2 16 0 0 0 1 13 1 11 0 12 9 29 42 16 0 19 5 0 21 0 0 0 0 12 3 35 0 9 45 0 13 0 4 0 0 29 0 23 0 5 0 3 
1 0 0 0 0 0 0 0 0 3 0 0 0 0 0 0 0 0 0 3 0 0 1 0 0 0 0 0 1 0 0 0 0 3 0 0 0 0 0 0 0 0 0 0 0 0 0 4 0 0 2 0 0 0 0 0 0 2 0 0 0 0 0 0 
59 0 0 0 22 0 0 144 45 62 0 3 0 0 0 0 0 0 0 51 0 0 35 0 41 0 37 17 5 0 0 8 28 64 6 40 0 21 142 0 34 0 0 0 0 22 0 25 0 9 26 5 106 0 2 0 0 50 0 43 1 117 0 1 
5 0 0 0 0 0 0 0 0 0 0 0 0 0 0 0 0 0 0 3 0 0 4 0 0 0 0 0 0 0 0 0 0 2 0 0 0 0 0 0 0 0 0 0 0 0 0 1 0 0 0 0 0 0 0 0 0 0 4 0 0 0 1 0 
13 0 0 1 0 0 21 17 0 9 0 0 3 0 0 0 0 0 21 9 0 0 20 0 0 0 5 0 0 0 0 0 0 3 0 0 1 0 5 0 0 0 0 0 0 45 0 15 0 0 0 0 45 0 0 0 0 1 0 1 0 18 0 0 
0 0 0 0 0 0 0 0 0 2 0 0 0 0 0 0 0 0 0 10 0 0 1 0 0 0 1 0 0 0 0 0 0 0 0 0 0 1 0 0 0 0 0 0 0 0 0 0 0 0 0 0 0 0 0 0 0 0 0 1 0 4 0 0 
16 0 0 39 0 0 4 0 0 12 0 0 30 0 0 0 0 0 0 7 0 0 5 0 0 0 0 3 0 1 15 0 0 0 0 0 0 0 0 0 0 0 0 0 0 1 0 17 0 0 0 0 1 0 0 13 0 0 33 2 11 0 10 1 
0 0 0 0 0 0 0 0 0 1 0 0 1 0 0 0 0 0 0 2 0 0 0 0 0 0 1 1 0 0 0 0 1 0 0 0 0 0 0 0 0 0 0 0 0 0 0 4 0 0 0 0 1 0 0 0 0 1 0 1 0 2 0 0 
0 0 0 0 0 0 0 0 4 0 0 0 0 0 0 0 0 0 0 2 0 0 1 0 0 0 0 0 0 0 0 0 1 4 0 0 0 0 13 0 0 0 0 0 0 0 0 7 0 0 0 0 0 0 0 0 0 1 0 1 1 0 0 0 
0 0 0 157 0 0 15 4 163 22 0 0 76 0 0 0 0 1 0 60 0 0 42 0 0 0 1 5 0 0 0 0 1 20 0 6 0 2 44 0 0 0 0 0 0 28 0 51 0 1 0 0 35 0 0 0 0 6 0 2 0 25 0 1 
0 0 0 0 0 0 0 0 0 4 0 0 0 0 0 0 0 0 1 5 0 0 0 0 0 0 0 0 1 0 0 0 0 2 0 0 0 0 1 0 0 0 0 0 0 1 0 0 0 0 0 0 0 0 0 0 0 0 0 1 0 1 3 0 
4 0 0 3 0 0 0 6 0 4 0 0 0 0 0 0 0 3 0 24 0 0 13 0 6 0 12 14 0 0 0 1 0 9 8 24 0 14 0 0 6 0 0 0 0 1 0 15 0 4 0 0 5 0 0 0 0 2 0 1 0 9 0 4 
23 0 0 2 0 0 0 0 0 7 0 0 0 0 0 0 0 0 0 14 0 0 13 0 0 0 0 35 0 0 0 0 0 24 0 0 0 0 5 0 0 0 0 0 0 1 0 36 0 0 13 0 1 0 0 0 0 8 0 2 0 8 0 0 
2 0 0 0 11 0 29 0 0 2 0 0 0 0 0 0 0 54 15 6 0 0 3 0 0 0 1 0 2 0 0 12 0 8 0 2 0 8 18 0 8 0 0 0 0 2 2 4 0 22 0 0 1 0 0 0 0 0 0 17 0 5 0 0 
142 0 0 0 0 0 0 3 2 25 0 54 0 0 0 0 0 0 2 205 0 0 91 0 0 0 0 13 59 1 0 0 21 37 0 0 0 1 19 0 0 0 0 0 0 65 0 138 0 0 381 0 12 0 0 0 0 26 0 228 0 5 0 0 
7 0 0 0 0 0 17 0 0 0 0 0 24 0 0 0 0 0 1 6 0 0 1 0 0 0 0 1 0 0 0 0 1 2 0 0 0 0 0 0 0 0 0 0 0 0 2 17 0 0 3 0 0 0 0 0 0 0 13 11 0 0 2 0 
28 0 0 0 0 0 1 0 1 1 0 0 12 0 0 0 0 0 0 20 0 0 1 0 0 0 0 11 1 0 12 0 2 0 0 0 0 0 27 0 0 0 0 0 0 2 0 55 0 0 3 0 1 0 0 0 0 1 8 2 21 4 0 7 
1 0 0 0 0 0 0 0 1 0 0 0 1 0 0 0 0 0 1 8 0 0 0 0 0 0 0 0 0 0 0 0 0 1 0 0 0 0 10 0 0 0 0 0 0 0 0 9 0 0 1 0 0 0 0 0 0 0 0 2 0 0 0 0 
24 0 0 5 0 0 0 0 0 1 0 0 6 0 0 0 0 0 0 1 0 0 0 0 0 0 0 15 10 0 0 0 0 0 0 0 0 0 1 0 0 0 0 0 0 6 0 10 0 0 0 0 0 0 0 0 0 0 0 1 0 0 0 0 
2 0 0 0 0 0 0 0 1 2 0 0 0 0 0 0 0 0 0 1 0 0 0 0 0 0 0 0 3 0 0 0 1 11 0 0 0 0 4 0 0 0 0 0 0 0 0 7 0 0 1 0 0 0 0 0 0 2 0 0 0 0 0 0 
2 0 0 0 0 0 0 0 1 2 0 0 0 0 0 0 0 0 0 3 0 0 0 0 0 0 0 0 1 0 0 0 0 0 0 0 0 0 4 0 0 0 0 0 0 0 0 1 0 0 2 0 0 0 0 0 0 0 0 4 0 0 0 0 
0 0 0 0 0 0 0 0 4 2 0 0 0 0 0 0 0 0 10 0 0 0 0 0 4 0 0 0 0 0 0 0 0 0 0 0 0 0 3 0 0 0 0 0 0 0 0 0 0 0 0 0 0 0 0 0 0 0 0 0 0 1 0 0 
0 0 0 0 1 0 0 18 24 0 0 5 43 0 0 0 0 3 0 38 0 8 28 0 31 0 29 18 0 133 20 68 101 16 5 4 1 5 44 0 0 0 0 0 0 2 23 3 0 15 0 48 62 0 212 113 0 15 0 77 52 45 0 194 
0 0 0 0 0 0 0 0 0 0 0 0 0 0 0 0 0 0 0 3 0 0 0 0 0 0 0 0 0 0 0 1 0 1 0 0 0 0 0 0 0 0 0 0 0 0 0 2 0 1 0 0 0 0 0 0 0 0 0 8 0 0 0 0 
0 0 0 0 0 0 0 0 0 3 0 0 0 0 0 0 0 0 0 2 0 0 5 0 0 0 0 0 0 0 0 0 0 0 0 0 0 0 0 0 0 0 0 0 0 2 0 0 0 0 0 0 3 0 0 0 0 0 0 0 0 1 0 0 
0 0 0 0 0 0 0 0 0 4 0 0 0 0 0 0 0 0 0 0 0 0 0 0 0 0 0 1 1 0 0 1 4 1 0 0 0 0 0 0 0 0 0 0 0 1 0 5 0 0 0 0 0 0 0 0 0 1 0 1 0 0 0 0 
101 0 0 33 24 0 187 34 446 10 0 0 24 0 0 0 0 109 43 64 0 12 13 0 40 0 150 19 0 0 7 105 46 34 11 117 1 97 54 0 36 0 0 0 0 113 2 17 0 98 30 1 96 0 15 1 0 57 3 63 0 137 1 0 
0 0 0 0 0 0 1 0 0 5 0 0 0 0 0 0 0 1 0 0 0 0 1 0 5 0 1 0 0 0 0 0 0 7 0 4 0 1 5 0 0 0 0 0 0 1 0 0 0 0 0 0 1 0 0 0 0 1 0 0 0 1 0 0 
0 0 0 0 0 0 4 34 15 13 0 69 0 0 0 0 0 12 16 11 0 165 15 0 2 0 12 0 5 0 0 22 35 6 0 6 0 5 27 0 2 0 0 0 0 22 0 0 0 20 0 2 8 0 0 0 0 42 0 5 0 13 0 0 
0 0 0 0 0 0 0 0 0 0 0 0 0 0 0 0 0 0 0 3 0 0 0 0 0 0 4 0 0 0 0 0 0 0 0 1 0 0 0 0 0 0 0 0 0 0 0 0 0 0 0 1 0 0 0 0 0 0 0 0 3 2 0 2 
0 0 0 0 0 0 0 0 0 4 0 0 0 0 0 0 0 0 0 3 0 0 2 0 0 0 1 0 2 0 0 0 0 0 0 0 0 0 1 0 0 0 0 0 0 0 0 1 0 0 0 0 0 0 0 0 0 1 0 2 0 3 0 0 
1 0 0 0 0 0 0 0 0 5 0 0 0 0 0 0 0 0 0 1 0 0 5 0 0 0 0 0 2 0 0 0 0 0 0 0 0 1 1 0 0 0 0 0 0 2 0 0 0 0 0 0 1 0 0 0 0 0 0 1 0 0 0 0 
1 0 0 0 1 0 0 6 6 16 0 3 4 0 0 0 0 0 0 97 0 0 42 0 0 0 2 0 0 0 0 0 3 56 0 9 0 3 16 0 1 0 0 0 0 3 2 4 0 0 0 0 52 0 0 0 0 38 0 34 0 76 0 0 
7 0 0 2 3 0 0 214 5 31 0 0 0 0 0 0 0 0 0 150 0 14 182 0 4 0 4 4 0 0 0 2 7 133 0 3 5 0 13 0 0 0 0 0 0 21 0 13 0 3 4 0 44 0 0 0 0 30 0 33 0 36 0 5 
0 0 0 0 0 0 0 0 0 4 0 0 0 0 0 0 0 0 1 8 0 0 0 0 0 0 0 0 0 0 0 0 0 2 0 0 0 0 1 0 0 0 0 0 0 0 0 0 0 0 0 0 0 0 0 0 0 1 0 2 0 1 0 0 
66 0 0 0 0 0 3 2 1 22 0 0 0 0 0 0 0 0 0 28 0 0 21 0 0 0 1 8 17 0 0 0 0 16 2 8 0 21 5 0 1 0 0 0 0 7 0 28 0 0 37 0 3 0 0 0 0 10 0 9 0 4 0 0 
0 0 0 0 0 0 0 0 1 4 0 0 0 0 0 0 0 0 0 6 0 0 2 0 0 0 0 0 0 0 0 0 0 2 0 0 0 1 5 0 0 0 0 0 0 2 0 4 0 0 0 0 2 0 0 0 0 0 0 1 0 0 0 0 
0 0 0 0 0 0 0 0 0 4 0 0 0 0 0 0 0 0 0 2 0 0 0 0 0 0 1 0 0 0 0 0 0 5 0 0 0 1 3 0 0 0 0 0 0 0 0 0 0 1 0 0 0 0 0 0 0 0 0 3 0 0 0 0 
0 0 0 6 0 0 1 3 25 10 0 1 8 0 0 0 0 3 10 24 0 0 16 0 0 0 6 13 0 4 0 3 18 28 0 3 9 4 21 0 0 0 0 0 0 2 1 0 0 2 0 0 17 0 0 0 0 29 0 16 0 11 0 6 
0 0 0 0 18 0 0 45 1 7 0 0 0 0 0 0 0 0 0 19 0 0 10 0 4 0 4 0 2 0 0 0 1 4 0 15 0 94 34 0 0 0 0 0 0 7 0 0 0 18 0 0 24 0 0 0 0 3 0 10 0 16 0 0 
0 0 0 0 0 0 0 0 0 0 0 0 1 0 0 0 0 0 0 6 0 0 1 0 0 0 0 0 0 0 0 0 0 3 0 0 1 1 0 0 0 0 0 0 0 0 1 0 0 0 0 0 0 0 0 0 0 0 0 2 0 3 0 1 
21 0 0 0 0 0 0 0 30 2 0 0 10 0 0 0 0 0 0 31 0 0 7 0 15 0 33 21 0 0 0 0 3 30 0 2 130 5 7 0 0 0 0 0 0 0 48 31 0 0 4 0 2 0 0 0 0 12 0 7 0 6 0 18 
4 0 0 0 0 0 1 0 4 0 0 0 0 0 0 0 0 0 1 3 0 0 0 0 0 0 0 0 0 0 0 0 0 4 0 1 0 0 0 0 0 0 0 0 0 0 0 2 0 0 0 0 0 0 0 0 0 0 0 0 0 0 0 0 
0 0 0 0 18 0 0 0 12 0 0 0 0 0 0 0 0 11 4 0 0 0 0 0 1 0 1 0 0 0 0 1 0 0 45 15 11 32 0 0 5 0 0 0 0 0 0 0 0 49 0 0 0 0 0 0 0 0 11 12 0 0 0 0 
163 0 0 1 0 0 50 28 1 17 0 0 111 0 0 0 0 7 2 18 0 0 5 0 0 0 6 56 19 0 5 31 14 2 36 2 0 17 54 0 0 0 0 0 0 34 285 51 0 9 617 8 55 0 122 0 0 0 0 48 1 19 0 141 
0 0 0 0 0 0 0 0 0 0 0 0 0 0 0 0 0 0 0 7 0 0 0 0 0 0 0 0 0 1 0 0 0 1 0 0 0 0 1 0 0 0 0 0 0 0 0 1 0 0 0 0 0 0 0 0 0 1 0 3 0 0 1 0 
0 0 0 0 0 0 0 0 0 1 0 0 0 0 0 0 0 0 1 2 0 0 2 0 0 0 0 0 0 0 0 0 0 4 0 0 0 0 0 0 0 0 0 0 0 1 0 3 0 0 0 0 0 0 0 0 0 0 2 0 0 0 0 0 
2 0 0 0 0 0 0 0 4 5 0 0 0 0 0 0 0 0 0 4 0 0 0 0 0 0 0 0 0 0 0 0 1 4 0 0 0 0 0 0 0 0 0 0 0 0 0 0 0 0 0 0 0 0 0 0 0 0 0 4 0 0 0 0 
