0 0 0 3 0 0 0 0 0 0 0 0 3 0 0 17 0 2 0 0 0 12 13 0 0 0 0 0 8 9 0 14 0 0 5 0 0 0 0 3 6 0 0 1 0 0 0 0 0 0 0 0 0 0 0 4 14 0 0 0 0 0 3 0 
1 0 1 0 0 0 0 0 0 0 0 0 4 0 0 0 2 0 0 0 0 3 6 0 0 0 0 0 0 6 0 1 0 2 0 0 0 0 0 0 2 0 0 0 0 0 0 0 0 0 0 0 0 0 0 0 0 3 0 3 1 0 0 0 
1 0 0 7 0 0 0 0 0 0 0 0 30 7 0 0 6 0 0 7 0 25 1 0 3 0 1 0 4 18 0 0 4 0 0 0 0 0 0 0 18 0 0 0 0 0 0 0 0 0 0 0 0 2 1 0 3 0 0 1 0 0 14 23 
17 0 0 1 0 0 1 0 0 0 5 4 1 0 0 0 4 0 0 4 0 6 0 5 0 0 0 0 2 2 0 0 0 0 1 0 0 2 0 0 3 0 0 2 0 0 0 1 0 0 0 0 0 0 0 2 2 0 0 0 1 0 4 0 
12 0 0 0 0 0 2 0 0 0 10 0 10 0 0 0 1 252 0 12 0 0 25 0 0 0 0 0 1 4 0 0 0 0 0 0 0 5 0 0 8 0 0 0 0 0 0 3 9 5 0 6 0 0 1 0 0 0 0 16 0 0 43 0 
0 0 0 0 0 0 0 0 0 0 0 0 1 0 0 1 0 2 0 0 0 4 0 0 0 0 0 0 0 1 0 0 1 0 0 0 0 0 0 0 1 0 0 0 0 0 0 0 0 0 0 0 1 0 0 0 0 0 0 0 0 0 6 2 
1 0 6 0 0 0 1 0 0 0 1 5 4 0 1 0 1 0 0 0 0 12 0 4 0 0 0 6 0 0 4 0 0 1 1 0 0 0 3 0 8 0 0 0 0 0 0 2 0 0 0 0 0 1 0 2 3 7 0 6 0 0 0 0 
1 0 1 0 0 0 0 0 0 0 0 0 4 65 0 34 0 2 0 0 0 16 1 0 0 0 0 0 0 1 0 0 56 0 0 19 0 0 0 0 2 0 0 0 0 0 0 0 0 0 0 0 0 0 28 0 0 0 0 0 0 0 14 50 
9 0 16 0 0 0 0 0 0 0 0 0 36 0 143 26 0 11 0 0 0 16 44 0 0 0 40 0 58 70 0 4 0 79 93 4 0 0 41 17 39 0 0 87 0 0 0 0 0 7 0 0 0 72 8 285 87 27 0 1 153 0 23 0 
0 0 9 0 0 0 0 0 0 0 0 0 4 0 1 2 0 0 0 0 0 10 0 0 9 0 2 0 0 5 0 0 0 0 0 0 0 0 0 0 4 0 0 0 0 0 0 0 0 0 0 0 24 0 4 0 0 4 0 0 0 0 2 0 
0 0 0 0 0 0 0 0 0 0 0 0 1 0 1 0 0 0 0 0 0 6 0 0 0 0 0 0 1 0 0 0 0 0 2 0 0 0 0 4 0 0 0 2 0 0 0 0 0 0 0 0 0 0 0 0 0 0 0 0 3 0 0 0 
45 0 10 7 0 0 17 0 0 0 20 2 87 0 57 41 2 10 0 0 0 66 17 2 0 0 159 6 17 83 0 66 0 133 2 1 0 0 45 41 41 0 0 10 0 6 0 0 0 0 0 1 0 0 48 0 12 27 0 1 4 0 21 0 
0 0 0 0 0 0 0 0 0 0 0 0 3 0 5 0 3 2 0 0 0 0 11 0 0 0 0 0 2 2 0 1 0 0 0 0 0 0 0 0 2 0 0 0 0 0 0 0 0 1 0 0 0 0 0 0 0 0 0 3 0 0 0 0 
13 0 3 0 0 0 0 0 0 0 1 0 8 0 0 0 0 27 0 157 0 0 0 0 0 0 0 3 0 12 0 2 0 0 0 0 0 33 0 0 43 0 0 45 0 0 0 0 14 21 0 15 0 0 2 0 0 1 0 5 0 0 20 0 
0 0 0 0 0 0 0 0 0 0 0 0 6 0 5 1 0 7 0 0 0 1 5 0 0 0 1 0 0 6 0 0 0 0 0 0 0 0 0 0 8 0 0 0 0 0 0 0 0 0 0 0 0 0 0 0 0 0 0 0 0 0 0 0 
0 0 0 0 0 0 0 0 0 0 0 0 3 0 7 0 1 0 0 0 0 12 1 0 0 0 0 10 0 6 0 1 0 13 2 0 0 0 11 3 5 0 0 1 0 1 0 0 0 0 0 0 0 0 0 0 0 0 0 2 1 0 0 0 
0 0 1 0 0 0 0 0 0 0 0 0 8 0 0 0 0 0 0 16 0 4 0 0 0 0 0 0 0 6 0 0 0 0 0 0 0 0 0 0 20 0 0 0 0 0 0 0 0 2 0 0 0 0 0 0 0 0 0 6 0 0 0 0 
0 0 3 4 0 0 0 0 0 0 0 0 5 0 0 1 0 0 0 0 0 10 0 0 0 0 0 0 7 17 0 0 0 0 1 0 0 0 0 0 4 0 0 0 0 0 0 0 0 0 0 0 0 0 1 0 24 1 0 0 0 0 2 0 
8 0 2 0 0 0 0 0 0 0 28 14 9 0 0 21 0 8 0 1 0 0 0 0 2 0 0 0 2 7 0 1 0 2 4 20 0 0 0 0 6 0 0 7 0 0 0 5 0 0 0 0 0 16 3 8 0 15 0 0 1 0 2 0 
22 0 2 0 0 0 0 0 0 0 1 30 26 0 3 2 0 156 0 0 0 0 0 0 1 0 1 0 0 9 0 0 0 2 0 3 0 0 0 0 22 0 0 0 0 0 0 26 9 14 0 0 0 0 67 0 1 0 0 0 0 0 53 0 
6 0 0 0 0 0 0 0 0 0 0 0 1 0 0 0 0 0 0 0 0 7 6 0 0 0 0 1 0 2 0 2 0 0 0 0 0 0 0 0 1 0 0 0 0 0 0 0 0 1 0 0 0 0 0 0 0 0 0 8 0 0 0 0 
2 0 0 0 0 0 0 0 0 0 0 0 4 0 0 0 0 0 0 0 0 3 15 0 0 0 0 0 2 9 0 0 0 0 3 0 0 0 0 0 22 0 0 0 0 0 0 0 0 0 0 0 0 0 0 0 0 0 0 0 0 0 3 0 
0 0 0 0 0 0 0 0 0 0 0 0 7 0 0 1 0 0 0 0 0 4 6 0 0 0 0 0 0 2 0 0 2 0 0 0 0 0 0 0 1 0 0 0 0 0 0 0 0 0 0 0 0 0 0 0 0 0 0 0 0 0 1 6 
4 0 0 0 0 0 0 0 0 0 0 3 2 0 0 0 0 0 0 0 0 2 4 1 0 0 0 0 0 0 0 0 0 0 0 0 0 0 0 0 6 0 0 0 0 0 0 0 0 0 0 0 0 0 0 0 0 0 0 1 0 0 1 0 
0 0 0 0 0 0 0 0 0 0 0 0 8 0 0 0 0 2 0 0 0 3 0 0 0 0 0 7 0 3 0 0 0 0 0 0 0 0 1 0 0 0 0 1 0 5 0 0 0 0 0 0 0 0 1 0 0 0 0 2 0 0 2 0 
0 0 0 0 0 0 0 0 0 0 0 0 1 0 0 0 18 0 0 0 0 1 0 0 0 0 0 0 3 5 0 1 0 0 0 4 0 0 0 0 4 0 0 0 0 0 0 0 0 0 0 0 0 0 0 0 0 0 0 2 0 0 0 9 
25 2 0 8 0 0 13 0 0 0 31 10 3 0 0 0 42 8 0 0 0 2 5 0 1 0 0 45 19 18 3 23 0 1 13 0 0 0 8 0 18 0 0 26 0 0 0 1 0 1 0 0 0 10 0 10 11 32 0 60 14 0 12 0 
41 0 2 2 0 0 0 39 0 0 1 0 142 0 26 9 31 50 0 8 0 18 46 0 1 0 30 0 0 32 20 1 0 18 0 6 0 49 1 5 51 0 0 0 0 3 0 220 63 86 0 158 0 0 8 1 0 0 0 92 0 0 90 0 
4 0 0 0 0 0 0 0 0 0 2 0 3 0 0 0 0 0 0 3 0 4 6 0 0 0 0 0 0 0 0 0 0 0 0 0 0 0 0 0 7 0 0 0 0 0 0 0 0 0 0 0 0 0 0 1 0 0 0 0 0 0 0 0 
4 39 0 2 0 0 0 0 0 0 0 0 6 0 0 4 1 0 0 6 0 42 3 1 0 0 0 16 12 8 18 0 0 0 4 0 0 0 0 0 19 0 0 36 0 41 0 0 0 86 0 0 0 0 3 0 11 0 0 12 5 0 5 0 
0 0 1 0 0 0 0 0 0 0 0 0 1 0 0 0 3 0 0 0 0 9 0 0 0 0 0 0 0 3 0 0 0 0 0 0 0 0 0 0 5 0 0 3 0 0 0 0 0 0 0 0 0 0 0 0 0 0 0 0 0 0 0 0 
4 0 2 0 0 0 0 0 0 0 1 4 2 0 0 1 0 0 0 0 0 0 5 0 0 0 2 0 0 2 0 0 0 0 0 0 0 0 0 0 8 0 0 3 0 0 0 0 0 0 0 0 0 4 0 0 0 1 0 0 0 0 1 0 
3 0 0 0 0 0 0 0 0 0 0 0 1 0 0 0 1 0 0 0 0 7 5 0 0 0 0 3 0 0 0 0 0 0 0 0 0 0 1 0 12 0 0 0 0 0 0 0 0 0 0 0 0 0 0 0 0 0 0 1 0 0 1 0 
34 0 0 0 0 0 11 0 0 0 1 11 15 0 1 0 5 186 0 4 0 10 1 1 0 0 0 0 0 13 0 0 0 4 0 0 0 0 0 0 22 0 0 0 0 0 0 43 0 0 0 0 0 69 9 6 0 1 0 1 1 0 51 0 
9 0 0 0 0 0 1 1 0 0 0 0 1 0 0 0 0 0 0 8 0 1 8 0 0 0 0 0 0 0 5 0 0 0 0 0 0 0 0 0 5 0 0 0 0 0 0 3 0 2 0 1 0 0 0 0 0 0 0 0 0 0 3 0 
2 0 0 0 0 0 0 0 0 0 0 0 0 0 0 0 0 0 0 1 0 0 6 0 0 0 0 3 0 1 0 0 0 0 0 0 0 0 0 0 3 0 0 2 0 1 0 0 0 0 0 0 0 0 0 0 0 0 0 0 0 0 1 0 
0 0 6 0 0 0 0 0 0 0 0 0 1 0 0 2 0 1 0 0 0 0 0 0 0 0 0 0 0 5 0 0 0 0 0 0 0 0 0 0 0 0 0 0 0 0 0 0 0 0 0 0 0 0 2 0 0 1 0 0 0 0 2 0 
8 0 0 0 0 0 0 0 0 0 5 0 0 0 0 0 0 0 0 0 0 8 25 0 0 0 0 0 0 0 0 0 0 0 0 0 0 0 0 0 0 0 0 0 0 0 0 0 0 0 0 0 0 0 0 0 0 0 0 0 0 0 2 0 
7 0 0 2 0 0 0 0 0 0 0 2 0 0 0 0 0 0 0 3 0 6 11 5 0 0 0 1 0 1 0 0 0 0 0 0 0 0 0 0 17 0 0 10 0 0 0 2 0 0 0 0 0 0 0 0 0 0 0 13 0 0 0 0 
1 0 0 0 0 0 0 0 0 0 2 0 2 0 3 0 0 0 0 0 0 0 5 0 0 0 0 0 0 2 0 0 0 0 1 0 0 0 0 0 0 0 0 0 0 0 0 0 0 0 0 0 0 0 0 2 2 0 0 0 0 0 0 0 
6 0 7 0 0 0 0 0 0 0 0 1 16 0 1 119 0 9 0 0 0 0 0 0 0 0 56 0 0 12 0 0 0 1 2 194 0 0 0 189 9 0 0 0 0 0 0 0 0 0 0 0 0 10 89 2 0 30 0 0 0 0 14 1 
15 0 11 42 0 0 12 20 0 0 0 0 41 0 22 0 10 8 0 0 0 46 36 62 14 0 0 4 79 68 0 26 0 7 50 0 0 16 0 12 46 0 0 68 0 0 0 0 8 6 0 0 0 0 0 11 183 8 0 11 15 0 15 0 
31 0 1 22 0 0 260 0 0 0 0 20 93 0 67 1 159 2 0 23 0 8 28 164 60 0 8 1 0 32 0 1 0 1 0 0 0 0 53 0 48 0 0 19 0 0 0 11 0 0 0 13 35 22 0 8 0 29 0 5 2 0 33 0 
0 0 0 0 0 0 2 0 0 0 0 0 0 0 0 0 4 0 0 0 0 6 6 3 0 0 0 0 5 5 0 0 0 0 0 0 0 0 0 0 8 0 0 0 0 0 0 0 0 0 0 0 0 0 0 0 2 0 0 1 0 0 0 0 
0 0 88 0 0 0 0 0 0 0 0 0 0 0 0 0 0 0 0 0 0 0 20 0 0 0 0 0 0 9 0 45 0 16 8 0 0 0 12 0 5 0 0 29 0 0 0 0 0 0 0 0 0 0 0 6 1 0 0 0 1 0 0 0 
4 0 0 0 0 0 0 0 0 0 0 0 2 0 0 0 0 0 0 0 0 8 0 0 0 0 0 0 0 0 0 0 0 0 1 0 0 0 0 0 8 0 0 3 0 0 0 0 0 0 0 0 0 0 0 0 0 0 0 3 0 0 3 0 
3 0 0 52 0 0 1 0 0 0 0 0 17 0 1 0 12 0 0 0 0 0 1 11 0 0 0 0 5 16 0 3 0 2 15 0 0 0 0 5 17 0 0 8 0 0 0 0 0 0 0 0 0 0 0 1 13 0 0 3 0 0 6 0 
5 0 1 0 0 0 0 0 0 0 2 2 0 0 0 0 0 0 0 1 0 6 1 0 1 0 0 0 0 3 0 0 0 0 1 0 0 0 0 0 5 0 0 0 0 0 0 0 0 0 0 0 0 0 0 3 2 0 0 0 0 0 2 0 
0 0 0 0 0 0 0 0 0 0 0 0 9 0 22 0 8 0 0 0 0 10 0 0 0 0 0 2 0 6 0 10 0 1 0 0 0 1 0 1 0 0 0 0 0 0 0 0 0 0 0 0 0 0 0 0 0 0 0 7 3 0 0 0 
0 0 0 5 0 0 0 0 0 0 0 0 3 0 0 0 0 0 0 0 0 0 0 0 0 0 0 0 8 6 0 0 0 0 0 0 0 0 0 0 12 0 0 1 0 0 0 0 0 0 0 0 0 0 0 0 4 0 0 0 0 0 1 0 
