0.637474405987 0.067745153247  0.067745153247 0.12562650115  	0.889900342812 -0.0288457778296  -0.0288457778296 0.165228477111  	0.758834196577 0.0321577982458  0.0321577982458 0.143415527441  	
0.554670728426 0.130349399437  0.130349399437 0.119620139219  	0.892712212891 -0.036289817355  -0.036289817355 0.165649316029  	0.714649499355 0.0914757488211  0.0914757488211 0.138461093404  	
0.464134457288 0.170099480001  0.170099480001 0.129418358409  	0.887367080709 -0.0452329849453  -0.0452329849453 0.164659330577  	0.650907751236 0.159086279514  0.159086279514 0.147203398588  	
0.378130715566 0.189629011028  0.189629011028 0.14828804139  	0.858792769588 -0.062646006669  -0.062646006669 0.161522846519  	0.561530221722 0.221052801012  0.221052801012 0.177399013452  	
0.304064157756 0.1912830229  0.1912830229 0.165198179046  	0.765416926218 -0.103429686961  -0.103429686961 0.154091488206  	0.443966285094 0.247813219725  0.247813219725 0.213680647612  	
0.23636204638 0.169788178655  0.169788178655 0.161754907675  	0.585355243038 -0.158811901608  -0.158811901608 0.147150927721  	0.323112974683 0.227295653791  0.227295653791 0.223390090193  	
0.169996111138 0.131431125786  0.131431125786 0.136956778992  	0.400664758707 -0.177125076206  -0.177125076206 0.15393325128  	0.225880379808 0.186713879502  0.186713879502 0.212215148148  	
0.120692060267 0.10043697958  0.10043697958 0.113400935703  	0.268386384578 -0.171302811889  -0.171302811889 0.162694896269  	0.151990440677 0.151281606238  0.151281606238 0.203221184655  	
0.107039532332 0.0880829865513  0.0880829865513 0.0967167664724  	0.227617509473 -0.166018157776  -0.166018157776 0.165303938022  	0.120175066676 0.13482370738  0.13482370738 0.196856623073  	
0.109047464059 0.0818344732405  0.0818344732405 0.0815904960882  	0.218394638646 -0.163533027767  -0.163533027767 0.165322985916  	0.100073293739 0.118489298941  0.118489298941 0.1815008598  	
0.112027457384 0.0757610555454  0.0757610555454 0.0682549628228  	0.213172092234 -0.161501197368  -0.161501197368 0.164880672038  	0.0718575857596 0.0904415314012  0.0904415314012 0.151390641597  	
0.11346021752 0.0695783312126  0.0695783312126 0.0574391315818  	0.207445776277 -0.159017004302  -0.159017004302 0.164209469793  	0.0464561967817 0.0615603165499  0.0615603165499 0.118053397399  	
0.112587099343 0.0623768972688  0.0623768972688 0.0478061258043  	0.200947441604 -0.156107340382  -0.156107340382 0.163397245275  	0.0314941840654 0.0413239387031  0.0413239387031 0.0926835998118  	
0.112073960028 0.0555700007852  0.0555700007852 0.0397596001239  	0.193394660125 -0.152738568451  -0.152738568451 0.162499075245  	0.0237830314186 0.0293380571334  0.0293380571334 0.0770429479601  	
0.116327852249 0.0522341787819  0.0522341787819 0.0351293256887  	0.184087194207 -0.148572338387  -0.148572338387 0.161403444104  	0.0206545511031 0.0241386808318  0.0241386808318 0.0704093126277  	
0.12492940576 0.0519752893282  0.0519752893282 0.0331365172075  	0.172930243107 -0.143333139657  -0.143333139657 0.15984426812  	0.0198433846878 0.0227894374698  0.0227894374698 0.0691255478857  	
0.134835490555 0.0527848517  0.0527848517 0.0321163888848  	0.160732261345 -0.137145997186  -0.137145997186 0.157650051361  	0.0199492864475 0.0230806100017  0.0230806100017 0.070180473999  	
0.143870870478 0.0533943472563  0.0533943472563 0.0312280715785  	0.148754872836 -0.130601165878  -0.130601165878 0.154984638607  	0.0204283454035 0.024044795316  0.024044795316 0.0721942431823  	
0.151248502362 0.0532991112329  0.0532991112329 0.0301807634642  	0.13793258116 -0.124346658428  -0.124346658428 0.152206702305  	0.0210808216881 0.0253048466133  0.0253048466133 0.074618933524  	
0.157090859452 0.0524529781435  0.0524529781435 0.028931323411  	0.128476179623 -0.118678773453  -0.118678773453 0.149573109494  	0.0218187113146 0.0266938491521  0.0266938491521 0.0772006932452  	
0.161821318422 0.0510044120423  0.0510044120423 0.0275368003172  	0.120052795436 -0.113517467429  -0.113517467429 0.147127957107  	0.0225958620422 0.0281246916464  0.0281246916464 0.0797965949784  	
0.165799669273 0.0491531465814  0.0491531465814 0.0260876989466  	0.112228949316 -0.108644386069  -0.108644386069 0.144787652877  	0.0233861149827 0.0295493149493  0.0295493149493 0.0823245268706  	
0.169233372738 0.04710250541  0.04710250541 0.024679719759  	0.104838774681 -0.103944160381  -0.103944160381 0.14247044299  	0.0241743840847 0.0309418678764  0.0309418678764 0.0847413184588  	
0.172239052868 0.0450274853363  0.0450274853363 0.0233921282764  	0.0980314332347 -0.0994858561713  -0.0994858561713 0.140179646648  	0.0249515674615 0.0322877419593  0.0322877419593 0.0870238568263  	
0.174892311983 0.04305074245  0.04305074245 0.0222726041862  	0.0920464549529 -0.0954298112269  -0.0954298112269 0.137994863155  	0.0257110059377 0.03357628707  0.03357628707 0.0891565069171  	
0.177233191168 0.0412396807423  0.0412396807423 0.0213364445765  	0.087014585351 -0.0919018882182  -0.0919018882182 0.13600847661  	0.0264468693339 0.0347982500953  0.0347982500953 0.0911271227164  	
0.179291410055 0.039611722939  0.039611722939 0.0205737776762  	0.0829019180592 -0.0889339970964  -0.0889339970964 0.134278099709  	0.027153875766 0.0359462776786  0.0359462776786 0.0929285480089  	
0.181111924998 0.0381507434716  0.0381507434716 0.0199591600904  	0.0795442721748 -0.0864632881559  -0.0864632881559 0.132807562838  	0.0278277470447 0.0370165129289  0.0370165129289 0.0945621405909  	
0.182749448379 0.03682943068  0.03682943068 0.0194617722972  	0.0767348457951 -0.0843761603318  -0.0843761603318 0.131556341479  	0.0284662298895 0.038009808122  0.038009808122 0.0960387266367  	
0.184250085909 0.0356218887003  0.0356218887003 0.0190530267143  	0.0743016026163 -0.0825624992001  -0.0825624992001 0.130469114987  	0.0290697818117 0.0389314906672  0.0389314906672 0.0973758086878  	
0.1856395656 0.0345077381993  0.0345077381993 0.0187101625765  	0.0721348382778 -0.0809445619318  -0.0809445619318 0.129499730487  	0.029641260245 0.0397898934035  0.0397898934035 0.0985936555081  	
0.186922714988 0.0334730502025  0.0334730502025 0.0184167488338  	0.0701796745265 -0.0794797240968  -0.0794797240968 0.128619416627  	0.0301848882496 0.0405944484676  0.0405944484676 0.0997120312874  	
0.188090463359 0.03250947374  0.03250947374 0.0181616225111  	0.0684166051567 -0.0781509220138  -0.0781509220138 0.127814857349  	0.0307050997055 0.0413540250266  0.0413540250266 0.100748051217  	
0.189129152399 0.0316122555239  0.0316122555239 0.0179373802061  	0.0668418672372 -0.0769543187148  -0.0769543187148 0.127082467382  	0.0312056725858 0.0420758781126  0.0420758781126 0.10171522975  	
0.190028178578 0.0307782691987  0.0307782691987 0.0177389968846  	0.0654529823441 -0.0758890024215  -0.0758890024215 0.126422386008  	0.0316892956059 0.0427652678418  0.0427652678418 0.102623503442  	
0.190784027719 0.030004767812  0.030004767812 0.0175628057334  	0.0642417201655 -0.0749510695002  -0.0749510695002 0.125834170854  	0.0321575280383 0.0434255956172  0.0434255956172 0.103479827042  	
0.191400805736 0.0292888491761  0.0292888491761 0.0174058790183  	0.063193440261 -0.074132132071  -0.074132132071 0.125314944877  	0.0326110120595 0.0440588196905  0.0440588196905 0.104288957662  	
0.191888579105 0.0286273209119  0.0286273209119 0.017265726193  	0.0622896530792 -0.0734205243532  -0.0734205243532 0.12485949373  	0.033049780144 0.044665939273  0.044665939273 0.105054185299  	
0.192260984518 0.0280167349114  0.0280167349114 0.0171401774259  	0.0615109572149 -0.0728032460574  -0.0728032460574 0.1244612337  	0.0334735437307 0.0452474167521  0.0452474167521 0.105777908747  	
0.192533078873 0.0274534887448  0.0274534887448 0.017027343733  	0.0608390413055 -0.0722675091278  -0.0722675091278 0.124113203469  	0.0338819103453 0.0458034863645  0.0458034863645 0.106462039791  	
0.192719815501 0.0269339452691  0.0269339452691 0.0169255948282  	0.0602576369764 -0.0718016088772  -0.0718016088772 0.123808732957  	0.0342745220107 0.0463343496904  0.0463343496904 0.107108258358  	
0.19283514521 0.0264545405506  0.0264545405506 0.0168335345467  	0.0597527632345 -0.0713952622592  -0.0713952622592 0.123541780085  	0.034651129857 0.0468402822198  0.0468402822198 0.107718156398  	
0.192891584566 0.0260118651708  0.0260118651708 0.0167499720901  	0.0593126082913 -0.0710396354965  -0.0710396354965 0.123307042245  	0.0350116249138 0.0473216797485  0.0473216797485 0.108293308254  	
0.192900080557 0.0256027164654  0.0256027164654 0.0166738923604  	0.0589272711364 -0.0707272273039  -0.0707272273039 0.123099945943  	0.0353560421508 0.047779068482  0.047779068482 0.108835297343  	
0.192870041846 0.0252241261603  0.0252241261603 0.0166044282863  	0.0585884761464 -0.0704517028025  -0.0704517028025 0.122916582516  	0.0356845498462 0.0482130954907  0.0482130954907 0.109345719326  	
0.192809453134 0.0248733699058  0.0248733699058 0.0165408365939  	0.0582893083476 -0.0702077238411  -0.0702077238411 0.12275362666  	0.0359974319661 0.048624509911  0.048624509911 0.109826173989  	
0.192725024049 0.0245479646664  0.0245479646664 0.0164824773594  	0.0580239843307 -0.0699907941881  -0.0699907941881 0.12260825508  	0.0362950680946 0.04901414091  0.04901414091 0.110278252676  	
0.192622346202 0.0242456585516  0.0242456585516 0.0164287970892  	0.05778765985 -0.0697971250061  -0.0697971250061 0.122478072209  	0.0365779134421 0.0493828756869  0.0493828756869 0.110703524899  	
0.19250604491 0.0239644163192  0.0239644163192 0.0163793148408  	0.0575762701735 -0.0696235204964  -0.0696235204964 0.122361045081  	0.0368464802561 0.0497316391751  0.0497316391751 0.111103525926  	
0.192379919211 0.023702402732  0.023702402732 0.016333610864  	0.0573863981151 -0.069467281632  -0.069467281632 0.122255447308  	0.0371013212536 0.0500613762006  0.0500613762006 0.111479746163  	
0.192247067581 0.0234579651848  0.0234579651848 0.0162913172866  	0.0572151649829 -0.069326125449  -0.069326125449 0.122159811346  	0.0373430152994 0.0503730363427  0.0503730363427 0.111833622612  	
0.192109998787 0.0232296165122  0.0232296165122 0.0162521104466  	0.0570601403738 -0.0691981174905  -0.0691981174905 0.122072888011  	0.0375721553275 0.0506675614724  0.0506675614724 0.11216653243  	
0.191970728341 0.0230160185292  0.0230160185292 0.0162157045466  	0.0569192674711 -0.0690816153006  -0.0690816153006 0.121993612242  	0.0377893383818 0.0509458757874  0.0509458757874 0.112479788423  	
0.19183086155 0.0228159666299  0.0228159666299 0.016181846373  	0.0567908011176 -0.0689752211819  -0.0689752211819 0.121921074208  	0.037995157584 0.0512088780957  0.0512088780957 0.112774636286  	
0.191691664426 0.0226283756053  0.0226283756053 0.0161503108757  	0.0566732564446 -0.0688777427147  -0.0688777427147 0.121854494946  	0.0381901958114 0.0514574360633  0.0514574360633 0.113052253319  	
0.191554123766 0.0224522667419  0.0224522667419 0.0161208974471  	0.0565653662377 -0.0687881597796  -0.0687881597796 0.121793205863  	0.0383750208555 0.0516923821396  0.0516923821396 0.113313748386  	
0.191418997734 0.0222867561889  0.0222867561889 0.0160934267744  	0.0564660455434 -0.068705597024  -0.068705597024 0.121736631505  	0.0385501818416 0.0519145108871  0.0519145108871 0.113560162867  	
0.191286858199 0.0221310445421  0.0221310445421 0.0160677381615  	0.0563743622779 -0.068629300884  -0.068629300884 0.121684275081  	0.0387162067043 0.052124577462  0.052124577462 0.113792472387  	
0.191158125978 0.0219844075659  0.0219844075659 0.0160436872419  	0.0562895128139 -0.0685586204126  -0.0685586204126 0.121635706321  	0.0388736005295 0.0523232970191  0.0523232970191 0.114011589129  	
0.191033100051 0.0218461879587  0.0218461879587 0.0160211440157  	0.0562108016924 -0.0684929912838  -0.0684929912838 0.121590551291  	0.0390228446004 0.0525113448443  0.0525113448443 0.114218364558  	
0.190911981647 0.0217157880672  0.0217157880672 0.0159999911591  	0.0561376247524 -0.0684319224455  -0.0684319224455 0.121548483861  	0.0391643960016 0.0526893570449  0.0526893570449 0.114413592427  	
0.190794894046 0.021592663451  0.021592663451 0.0159801225625  	0.0560694550918 -0.068374984977  -0.068374984977 0.121509218545  	0.0392986876601 0.0528579316567  0.0528579316567 0.114598011941  	
0.19068189878 0.0214763172037  0.0214763172037 0.015961442062  	0.0560058313711 -0.0683218027793  -0.0683218027793 0.1214725045  	0.0394261287193 0.0530176300482  0.0530176300482 0.11477231099  	
0.19057300885 0.021366294947  0.021366294947 0.0159438623365  	0.0559463480565 -0.0682720447906  -0.0682720447906 0.12143812049  	0.0395471051611 0.0531689785289  0.0531689785289 0.114937129377  	
0.190468199466 0.0212621804151  0.0212621804151 0.0159273039434  	0.0558906472681 -0.0682254184664  -0.0682254184664 0.121405870656  	0.0396619806068 0.053312470083  0.053312470083 0.115093061997  	
0.190367416746 0.0211635915598  0.0211635915598 0.0159116944764  	0.0558384119557 -0.0681816643118  -0.0681816643118 0.121375580958  	0.0397710972387 0.0534485661692  0.0534485661692 0.115240661905  	
0.190270584739 0.0210701771117  0.0210701771117 0.0158969678254  	0.0557893601756 -0.0681405512865  -0.0681405512865 0.121347096177  	0.0398747767997 0.0535776985401  0.0535776985401 0.115380443272  	
0.190177611071 0.0209816135405  0.0209816135405 0.0158830635256  	0.0557432402781 -0.0681018729347  -0.0681018729347 0.121320277381  	0.0399733216349 0.0537002710452  0.0537002710452 0.115512884184  	
0.19008839147 0.0208976023654  0.0208976023654 0.0158699261842  	0.0556998268511 -0.0680654441189  -0.0680654441189 0.121294999792  	0.0400670157471 0.0538166613918  0.0538166613918 0.115638429291  	
0.190002813382 0.02081786777  0.02081786777 0.0158575049737  	0.0556589172918 -0.0680310982548  -0.0680310982548 0.121271150964  	0.0401561258477 0.0539272228457  0.0539272228457 0.115757492291  	
0.189920758833 0.0207421544853  0.0207421544853 0.0158457531826  	0.0556203288999 -0.0679986849644  -0.0679986849644 0.12124862924  	0.0402409023854 0.0540322858578  0.0540322858578 0.115870458253  	
0.189842106699 0.0206702259064  0.0206702259064 0.015834627818  	0.0555838964062 -0.0679680680784  -0.0679680680784 0.121227342441  	0.0403215805437 0.0541321596098  0.0541321596098 0.11597768578  	
0.189766734483 0.0206018624143  0.0206018624143 0.0158240892516  	0.0555494698641 -0.0679391239296  -0.0679391239296 0.121207206734  	0.0403983811985 0.0542271334736  0.0542271334736 0.116079509011  	
0.189694519704 0.0205368598774  0.0205368598774 0.0158141009046  	0.0555169128444 -0.0679117398912  -0.0679117398912 0.121188145668  	0.0404715118314 0.054317478384  0.054317478384 0.116176239481  	
0.189625340963 0.0204750283103  0.0204750283103 0.0158046289669  	0.0554861008854 -0.0678858131197  -0.0678858131197 0.121170089344  	0.0405411673953 0.0544034481231  0.0544034481231 0.116268167836  	
