368.267992608 753.305250081 	371.151108788 765.636882591 	369.13961349 759.124756035 	
365.552563837 746.59580022 	371.070255902 768.7644855 	369.231996258 756.817727571 	
330.180025882 683.043274631 	369.813935917 773.906702348 	371.062028237 754.45503519 	
319.017324697 668.899288539 	368.380444713 779.549969809 	372.206335755 752.448372243 	
324.297223061 674.323092817 	367.935098171 786.498185194 	372.108721595 750.679482211 	
329.113637978 680.158508142 	368.821136174 793.857910847 	371.431686384 749.109750239 	
330.67562617 682.414047981 	370.670158562 800.934468688 	370.581100895 747.650863177 	
328.059376417 678.845762017 	373.121308031 807.586919365 	369.702081341 746.255871384 	
322.027811455 669.880269149 	375.854611157 813.671041539 	368.843544447 744.910456458 	
314.570850879 658.226480144 	378.553704954 818.938105068 	368.030965437 743.626940425 	
308.358143998 648.05869926 	380.957562342 823.1669535 	367.282845502 742.428661593 	
304.282553603 641.196485973 	382.978977077 826.351092592 	366.606872937 741.328026838 	
301.840390811 637.085909843 	384.639502065 828.64029507 	366.001326369 740.325694854 	
300.409240628 634.718333584 	385.987320076 830.216174346 	365.460165819 739.417972089 	
299.573094503 633.352247216 	387.074975572 831.244106004 	364.97500564 738.597287873 	
299.095681479 632.556149955 	387.950879376 831.859630734 	364.537188679 737.853981612 	
298.839017447 632.091067385 	388.656472437 832.168015659 	364.139011106 737.178153123 	
298.717471189 631.821991251 	389.225785387 832.248602311 	363.77400766 736.560554366 	
298.676190369 631.669784733 	389.686082463 832.160313283 	363.436848972 735.992893536 	
298.679909123 631.586758988 	390.058927493 831.946687435 	363.123147166 735.467888359 	
298.706386434 631.544007966 	390.361279989 831.639900969 	362.829272651 734.979224694 	
298.74216478 631.524305123 	390.606449023 831.26377842 	362.552210301 734.521485849 	
298.779635449 631.51774752 	390.804866301 830.835988349 	362.289454829 734.090077024 	
298.814958124 631.518947017 	390.964695517 830.369636056 	362.038935964 733.681152188 	
298.846607209 631.52521268 	391.092308859 829.87442564 	361.798963719 733.291545399 	
298.874391556 631.535402473 	391.19266001 829.357517179 	361.568186665 732.918707454 	
298.898821136 631.549221541 	391.269577804 828.824167402 	361.345558622 732.560648295 	
298.920715341 631.566806895 	391.325999735 828.278215367 	361.130310707 732.21588479 	
298.940970926 631.588487268 	391.364160311 827.722456072 	360.921926382 731.883392521 	
298.960430331 631.614645035 	391.385745906 827.158932115 	360.720117392 731.562559261 	
298.97981045 631.645634773 	391.392024877 826.589164503 	360.524798619 731.253137362 	
298.999666452 631.681731798 	391.383959314 826.014337214 	360.336060086 730.955192177 	
299.020375742 631.723096387 	391.362302598 825.435445315 	360.154134826 730.66904425 	
299.042134005 631.76974712 	391.327684975 824.853412847 	359.979362044 730.395204182 	
299.064959795 631.82154162 	391.280687703 824.269184023 	359.812146061 730.134300756 	
299.088706614 631.878165657 	391.221905025 823.683789557 	359.65291262 729.88700488 	
299.113082533 631.939132649 	391.151992488 823.098388952 	359.502065219 729.653953729 	
299.137677425 632.003795409 	391.071700059 822.514289511 	359.359944804 729.435680706 	
299.161997099 632.071370783 	390.98188908 821.932943483 	359.226796255 729.232557096 	
299.185502445 632.140975981 	390.883533302 821.355925863 	359.102744564 729.044750394 	
299.20765061 632.211673549 	390.777705617 820.784896744 	358.987782409 728.872202321 	
299.22793449 632.282520421 	390.665553493 820.221553208 	358.881769363 728.714627034 	
299.245916815 632.352615826 	390.54826701 819.667576356 	358.784441534 728.571527492 	
299.261255793 632.421143134 	390.42704375 819.124578956 	358.695429245 728.442225945 	
299.273720501 632.487401869 	390.303054464 818.594058417 	358.614279805 728.325903425 	
299.283195683 632.550827804 	390.177412654 818.077358496 	358.540482332 728.221642992 	
299.289676964 632.611000874 	390.051150154 817.575641681 	358.473492032 728.128472142 	
299.293258476 632.667642153 	389.925199671 817.089872722 	358.412751961 728.045400962 	
299.294115417 632.720602238 	389.800384329 816.620812655 	358.357711128 727.971453896 	
299.292484097 632.7698438 	389.677413544 816.169021826 	358.307838429 727.905694251 	
299.288641718 632.815421096 	389.556884155 815.734870001 	358.262632491 727.847241476 	
299.282887617 632.857458799 	389.439285552 815.31855155 	358.221627847 727.795281961 	
299.275527096 632.896131945 	389.325007581 814.920103812 	358.184398068 727.74907441 	
299.266858421 632.931648189 	389.214350107 814.539427005 	358.150556523 727.70795098 	
299.257163114 632.964232955 	389.107533368 814.176304417 	358.11975544 727.671315362 	
299.24669935 632.994117686 	389.004708402 813.830421904 	358.091683815 727.638638779 	
299.235698037 633.021531019 	388.905967088 813.501386078 	358.066064639 727.609454766 	
299.224361113 633.046692571 	388.811351476 813.188740796 	358.042651801 727.583353337 	
299.212861534 633.069808898 	388.720862237 812.891981771 	358.021226903 727.559975016 	
299.201344475 633.091071179 	388.634466155 812.610569292 	358.001596181 727.539005047 	
299.189929343 633.11065422 	388.552102669 812.343939099 	357.98358761 727.520167956 	
299.178712258 633.12871639 	388.473689506 812.091511571 	357.967048275 727.503222603 	
299.167768748 633.145400203 	388.399127474 811.852699381 	357.95184201 727.487957739 	
299.157156465 633.160833305 	388.328304511 811.626913798 	357.937847321 727.474188083 	
299.1469178 633.175129676 	388.261099073 811.413569817 	357.924955559 727.461750894 	
299.137082304 633.18839093 	388.197382955 811.212090278 	357.913069347 727.450502995 	
299.12766888 633.200707619 	388.137023619 811.021909138 	357.902101206 727.440318196 	
299.118687723 633.212160478 	388.079886104 810.842474016 	357.891972376 727.431085085 	
299.110142002 633.222821582 	388.025834595 810.673248135 	357.882611798 727.422705116 	
299.10202931 633.232755403 	387.97473368 810.513711766 	357.873955232 727.415090973 	
299.094342887 633.242019746 	387.926449375 810.363363256 	357.865944494 727.408165163 	
299.087072644 633.250666585 	387.88084993 810.221719711 	357.858526798 727.401858797 	
299.080206012 633.258742779 	387.83780647 810.088317395 	357.851654175 727.396110543 	
299.073728642 633.266290714 	387.797193485 809.962711907 	357.845282974 727.390865721 	
299.06762497 633.27334884 	387.758889204 809.84447816 	357.83937342 727.386075513 	
299.061878674 633.279952149 	387.722775872 809.733210216 	357.833889224 727.38169628 	
299.05647304 633.286132574 	387.688739935 809.628520997 	357.82879724 727.377688966 	
299.05139125 633.291919342 	387.656672167 809.530041899 	357.824067162 727.374018575 	
299.0466166 633.297339271 	387.626467736 809.437422335 	357.819671255 727.370653716 	
299.04213268 633.302417033 	387.59802622 809.350329213 	357.815584108 727.367566202 	
299.037923493 633.307175375 	387.571251592 809.268446377 	357.811782426 727.364730697 	
299.033973555 633.311635313 	387.546052171 809.19147402 	357.808244828 727.362124402 	
299.030267959 633.315816303 	387.522340547 809.119128064 	357.804951683 727.359726786 	
299.026792418 633.319736385 	387.500033489 809.051139545 	357.801884945 727.357519338 	
299.023533292 633.323412313 	387.479051837 808.98725398 	357.799028018 727.355485355 	
299.020477598 633.326859669 	387.45932038 808.927230738 	357.796365625 727.35360975 	
299.017613012 633.33009296 	387.440767729 808.870842423 	357.793883696 727.351878886 	
299.014927862 633.333125711 	387.423326182 808.817874257 	357.791569263 727.350280417 	
299.012411114 633.33597054 	387.406931582 808.768123479 	357.789410365 727.348803167 	
299.010052354 633.338639229 	387.391523181 808.721398764 	357.787395962 727.347436999 	
299.007841765 633.34114279 	387.377043491 808.677519648 	357.78551586 727.346172715 	
299.005770105 633.343491521 	387.363438151 808.636315983 	357.783760638 727.345001961 	
299.003828683 633.345695055 	387.350655778 808.597627399 	357.782121585 727.343917142 	
299.002009329 633.347762411 	387.338647836 808.561302797 	357.780590642 727.342911346 	
299.00030437 633.349702033 	387.327368495 808.527199855 	357.779160349 727.341978275 	
298.998706607 633.351521835 	387.316774506 808.495184554 	357.777823796 727.34111219 	
298.997209281 633.35322923 	387.306825066 808.465130732 	357.776574577 727.340307851 	
298.995806059 633.354831167 	387.2974817 808.436919646 	357.775406755 727.339560473 	
298.994491 633.356334162 	387.288708138 808.410439567 	357.77431482 727.338865681 	
298.993258537 633.357744325 	387.2804702 808.385585385 	357.773293657 727.338219471 	
298.992103455 633.359067385 	387.272735688 808.362258236 	357.772338518 727.337618174 	
298.991020866 633.360308719 	387.265474278 808.340365149 	357.771444991 727.33705843 	
298.990006193 633.361473367 	387.258657417 808.319818709 	357.770608972 727.336537153 	
298.989055147 633.362566061 	387.252258231 808.300536738 	357.769826649 727.336051508 	
298.988163714 633.363591238 	387.246251426 808.282441993 	357.769094471 727.335598893 	
298.987328131 633.364553064 	387.240613206 808.265461879 	357.768409137 727.33517691 	
298.986544878 633.365455445 	387.235321184 808.249528177 	357.76776757 727.334783354 	
298.985810655 633.366302049 	387.230354306 808.234576791 	357.767166907 727.334416193 	
298.985122374 633.367096316 	387.225692773 808.220547503 	357.766604477 727.334073551 	
298.984477142 633.367841477 	387.221317971 808.207383744 	357.766077794 727.333753699 	
298.98387225 633.36854056 	387.217212401 808.19503238 	357.765584536 727.333455039 	
298.983305162 633.36919641 	387.213359615 808.183443506 	357.765122541 727.333176095 	
298.9827735 633.369811695 	387.209744155 808.172570255 	357.764689789 727.332915501 	
298.982275039 633.370388919 	387.206351496 808.162368614 	357.764284397 727.332671993 	
298.981807695 633.370930433 	387.20316799 808.152797259 	357.763904604 727.332444401 	
298.981369515 633.371438442 	387.200180816 808.143817385 	357.76354877 727.332231641 	
298.98095867 633.371915016 	387.197377929 808.135392564 	357.763215359 727.332032705 	
298.980573447 633.372362095 	387.194748017 808.127488593 	357.762902938 727.331846663 	
298.98021224 633.372781503 	387.192280453 808.120073365 	357.762610169 727.331672647 	
298.979873546 633.37317495 	387.189965259 808.113116742 	357.7623358 727.331509852 	
298.979555956 633.373544041 	387.187793064 808.106590432 	357.762078659 727.331357533 	
298.979258149 633.37389028 	387.18575507 808.100467883 	357.761837654 727.331214992 	
298.978978889 633.374215082 	387.183843014 808.09472417 	357.761611761 727.331081585 	
298.978717016 633.374519771 	387.182049141 808.089335902 	357.761400023 727.330956709 	
298.978471444 633.374805591 	387.180366168 808.084281126 	357.761201545 727.330839804 	
298.978241155 633.37507371 	387.178787259 808.07953924 	357.761015489 727.33073035 	
298.978025195 633.375325222 	387.177305998 808.075090909 	357.76084107 727.330627859 	
298.977822669 633.375561156 	387.17591636 808.07091799 	357.760677556 727.330531878 	
298.977632741 633.375782474 	387.174612693 808.067003456 	357.760524259 727.330441987 	
298.977454623 633.375990082 	387.173389689 808.063331332 	357.760380537 727.330357789 	
298.97728758 633.376184828 	387.172242368 808.059886626 	357.760245788 727.330278919 	
298.977130922 633.376367509 	387.171166055 808.056655271 	357.760119448 727.330205033 	
298.976984002 633.37653887 	387.170156365 808.05362407 	357.760000989 727.33013581 	
298.976846212 633.376699614 	387.169209181 808.050780637 	357.759889917 727.330070952 	
298.976716985 633.376850397 	387.168320639 808.048113353 	357.759785769 727.330010179 	
298.976595788 633.376991836 	387.167487114 808.045611317 	357.759688111 727.329953231 	
298.97648212 633.37712451 	387.166705205 808.0432643 	357.759596537 727.329899864 	
298.976375513 633.377248962 	387.16597172 808.041062706 	357.759510667 727.329849849 	
298.976275528 633.377365701 	387.165283663 808.038997532 	357.759430143 727.329802973 	
298.976181752 633.377475205 	387.164638224 808.03706033 	357.759354632 727.329759038 	
298.9760938 633.377577921 	387.164032767 808.035243176 	357.75928382 727.329717857 	
298.97601131 633.377674271 	387.163464817 808.033538635 	357.759217414 727.329679256 	
298.975933942 633.377764649 	387.162932053 808.031939734 	357.759155139 727.329643071 	
298.975861377 633.377849424 	387.162432298 808.030439929 	357.759096738 727.32960915 	
298.975793317 633.377928945 	387.161963507 808.029033081 	357.759041968 727.32957735 	
298.975729482 633.378003536 	387.161523764 808.027713431 	357.758990603 727.329547538 	
298.97566961 633.378073503 	387.16111127 808.026475579 	357.758942432 727.329519588 	
298.975613454 633.378139133 	387.160724338 808.025314455 	357.758897254 727.329493383 	
298.975560783 633.378200695 	387.160361386 808.024225306 	357.758854885 727.329468814 	
298.975511382 633.378258439 	387.160020927 808.023203672 	357.758815148 727.329445778 	
298.975465046 633.378312604 	387.159701568 808.02224537 	357.75877788 727.329424179 	
298.975421586 633.378363411 	387.159402004 808.021346474 	357.758742927 727.329403926 	
298.975380822 633.378411068 	387.159121006 808.020503303 	357.758710145 727.329384935 	
298.975342588 633.37845577 	387.158857426 808.019712405 	357.758679399 727.329367128 	
298.975306727 633.378497701 	387.158610184 808.018970538 	357.758650563 727.32935043 	
298.97527309 633.378537032 	387.158378268 808.018274665 	357.758623517 727.329334772 	
298.975241541 633.378573925 	387.158160727 808.017621934 	357.758598151 727.329320088 	
298.975211949 633.37860853 	387.157956672 808.017009671 	357.75857436 727.329306319 	
298.975184193 633.378640989 	387.157765267 808.016435369 	357.758552045 727.329293406 	
298.975158159 633.378671436 	387.157585728 808.015896673 	357.758531116 727.329281296 	
298.97513374 633.378699995 	387.157417318 808.015391377 	357.758511487 727.32926994 	
298.975110836 633.378726784 	387.15725935 808.01491741 	357.758493075 727.32925929 	
298.975089353 633.378751911 	387.157111175 808.01447283 	357.758475807 727.329249303 	
298.975069202 633.37877548 	387.156972186 808.014055816 	357.75845961 727.329239936 	
298.975050302 633.378797588 	387.156841814 808.013664658 	357.758444418 727.329231151 	
298.975032573 633.378818325 	387.156719526 808.013297754 	357.758430169 727.329222912 	
298.975015945 633.378837776 	387.156604819 808.0129536 	357.758416804 727.329215186 	
298.975000348 633.378856021 	387.156497224 808.012630785 	357.758404269 727.329207939 	
298.974985719 633.378873135 	387.156396301 808.012327986 	357.758392512 727.329201143 	
298.974971996 633.378889188 	387.156301634 808.012043963 	357.758381483 727.329194769 	
298.974959125 633.378904245 	387.156212838 808.011777551 	357.75837114 727.32918879 	
298.974947053 633.378918368 	387.156129547 808.011527659 	357.758361438 727.329183183 	
298.974935729 633.378931616 	387.15605142 808.011293261 	357.758352338 727.329177924 	
298.974925107 633.378944042 	387.155978138 808.011073399 	357.758343802 727.329172992 	
298.974915145 633.378955698 	387.155909399 808.010867169 	357.758335796 727.329168366 	
298.9749058 633.378966631 	387.155844923 808.010673728 	357.758328287 727.329164027 	
298.974897035 633.378976886 	387.155784445 808.010492281 	357.758321243 727.329159958 	
298.974888813 633.378986505 	387.155727717 808.010322086 	357.758314637 727.329156141 	
298.974881101 633.378995527 	387.155674506 808.010162445 	357.75830844 727.329152561 	
298.974873868 633.379003991 	387.155624595 808.010012703 	357.758302628 727.329149203 	
298.974867083 633.379011929 	387.155577778 808.009872246 	357.758297176 727.329146054 	
298.974860719 633.379019375 	387.155533865 808.009740499 	357.758292062 727.3291431 	
298.97485475 633.379026359 	387.155492674 808.009616922 	357.758287266 727.32914033 	
298.974849151 633.37903291 	387.155454038 808.009501007 	357.758282767 727.329137731 	
298.974843899 633.379039055 	387.155417798 808.009392281 	357.758278547 727.329135294 	
298.974838973 633.379044819 	387.155383805 808.009290297 	357.758274589 727.329133008 	
298.974834352 633.379050226 	387.155351919 808.009194637 	357.758270876 727.329130863 	
298.974830018 633.379055297 	387.155322011 808.009104909 	357.758267394 727.329128852 	
298.974825953 633.379060054 	387.155293958 808.009020745 	357.758264128 727.329126966 	
298.97482214 633.379064515 	387.155267644 808.0089418 	357.758261064 727.329125196 	
298.974818563 633.379068701 	387.155242962 808.008867751 	357.75825819 727.329123537 	
298.974815208 633.379072626 	387.15521981 808.008798293 	357.758255495 727.32912198 	
298.974812062 633.379076308 	387.155198094 808.008733143 	357.758252966 727.32912052 	
298.97480911 633.379079762 	387.155177725 808.008672033 	357.758250595 727.32911915 	
298.974806341 633.379083002 	387.155158619 808.008614712 	357.75824837 727.329117866 	
298.974803744 633.37908604 	387.155140697 808.008560946 	357.758246284 727.329116661 	
298.974801308 633.379088891 	387.155123887 808.008510514 	357.758244327 727.329115531 	
298.974799024 633.379091564 	387.155108119 808.008463209 	357.758242491 727.329114471 	
298.974796881 633.379094072 	387.155093329 808.008418838 	357.758240769 727.329113476 	
298.97479487 633.379096424 	387.155079457 808.008377219 	357.758239154 727.329112544 	
