0.0803576334624 8.75391378826e-25 0.919642366538 
0.0853497231002 1.17677773488e-24 0.9146502769 
0.0619289730266 2.54473868372e-24 0.938071026973 
0.0495273259164 4.29792530383e-24 0.950472674084 
0.0457060645132 8.30412719467e-24 0.954293935487 
0.0440296541706 1.8206015012e-23 0.955970345829 
0.0432477536307 4.55758168789e-23 0.956752246369 
0.0428839603484 1.31651903866e-22 0.957116039652 
0.0427157814211 4.39315682971e-22 0.957284218579 
0.04263833467 1.67691425266e-21 0.95736166533 
0.0426027412967 7.20421731876e-21 0.957397258703 
0.0425863991478 3.45371293603e-20 0.957413600852 
0.0425788994643 1.8637159156e-19 0.957421100536 
0.0425754585192 1.13204462213e-18 0.957424541481 
0.0425738799436 7.52816254031e-18 0.957426120056 
0.04257315579 5.36011742556e-17 0.95742684421 
0.0425728236008 4.10047856938e-16 0.957427176399 
0.0425726712183 3.54953218774e-15 0.957427328782 
0.0425726013174 4.15305678106e-14 0.957427398683 
0.0425725692525 1.04445357657e-12 0.957427430746 
0.0425725545422 1.79395407817e-09 0.957427443664 
0.0425507043875 0.0252091690928 0.93224012652 
0.0422673407878 0.0350743972494 0.922658261963 
0.0420504510679 0.0414272755395 0.916522273393 
0.0418905192264 0.0450160771455 0.913093403628 
0.0418155090059 0.0450160771704 0.913168413824 
0.0417804416715 0.0450160771704 0.913203481158 
0.0417655794157 0.0450160771704 0.913218343414 
0.0417593319321 0.0450160771704 0.913224590898 
0.04175670583 0.0450160771704 0.913227217 
0.0417556015532 0.0450160771704 0.913228321276 
0.0417551371137 0.0450160771704 0.913228785716 
0.0417549417617 0.0450160771704 0.913228981068 
0.0417548595901 0.0450160771704 0.913229063239 
0.0417548250255 0.0450160771704 0.913229097804 
0.0417548104861 0.0450160771704 0.913229112343 
0.0417548043702 0.0450160771704 0.913229118459 
0.0417548017976 0.0450160771704 0.913229121032 
0.0417548007154 0.0450160771704 0.913229122114 
0.0417548002602 0.0450160771704 0.913229122569 
0.0417548000688 0.0450160771704 0.913229122761 
0.0417547999882 0.0450160771704 0.913229122841 
0.0417547999543 0.0450160771704 0.913229122875 
0.0417547999401 0.0450160771704 0.91322912289 
0.0417547999341 0.0450160771704 0.913229122896 
0.0417547999316 0.0450160771704 0.913229122898 
0.0417547999305 0.0450160771704 0.913229122899 
0.0417547999301 0.0450160771704 0.9132291229 
0.0417547999299 0.0450160771704 0.9132291229 
0.0417547999298 0.0450160771704 0.9132291229 
0.0417547999298 0.0450160771704 0.9132291229 
0.0417547999298 0.0450160771704 0.9132291229 
0.0417547999297 0.0450160771704 0.9132291229 
0.0417547999297 0.0450160771704 0.9132291229 
0.0417547999297 0.0450160771704 0.9132291229 
0.0417547999297 0.0450160771704 0.9132291229 
0.0417547999297 0.0450160771704 0.9132291229 
0.0417547999297 0.0450160771704 0.9132291229 
0.0417547999297 0.0450160771704 0.9132291229 
0.0417547999297 0.0450160771704 0.9132291229 
0.0417547999297 0.0450160771704 0.9132291229 
0.0417547999297 0.0450160771704 0.9132291229 
0.0417547999297 0.0450160771704 0.9132291229 
0.0417547999297 0.0450160771704 0.9132291229 
0.0417547999297 0.0450160771704 0.9132291229 
0.0417547999297 0.0450160771704 0.9132291229 
0.0417547999297 0.0450160771704 0.9132291229 
0.0417547999297 0.0450160771704 0.9132291229 
0.0417547999297 0.0450160771704 0.9132291229 
0.0417547999297 0.0450160771704 0.9132291229 
0.0417547999297 0.0450160771704 0.9132291229 
0.0417547999297 0.0450160771704 0.9132291229 
0.0417547999297 0.0450160771704 0.9132291229 
0.0417547999297 0.0450160771704 0.9132291229 
0.0417547999297 0.0450160771704 0.9132291229 
0.0417547999297 0.0450160771704 0.9132291229 
0.0417547999297 0.0450160771704 0.9132291229 
0.0417547999297 0.0450160771704 0.9132291229 
0.0417547999297 0.0450160771704 0.9132291229 
0.0417547999297 0.0450160771704 0.9132291229 
0.0417547999297 0.0450160771704 0.9132291229 
0.0417547999297 0.0450160771704 0.9132291229 
0.0417547999297 0.0450160771704 0.9132291229 
0.0417547999297 0.0450160771704 0.9132291229 
0.0417547999297 0.0450160771704 0.9132291229 
0.0417547999297 0.0450160771704 0.9132291229 
0.0417547999297 0.0450160771704 0.9132291229 
0.0417547999297 0.0450160771704 0.9132291229 
0.0417547999297 0.0450160771704 0.9132291229 
0.0417547999297 0.0450160771704 0.9132291229 
0.0417547999297 0.0450160771704 0.9132291229 
0.0417547999297 0.0450160771704 0.9132291229 
0.0417547999297 0.0450160771704 0.9132291229 
0.0417547999297 0.0450160771704 0.9132291229 
0.0417547999297 0.0450160771704 0.9132291229 
0.0417547999297 0.0450160771704 0.9132291229 
0.0417547999297 0.0450160771704 0.9132291229 
0.0417547999297 0.0450160771704 0.9132291229 
0.0417547999297 0.0450160771704 0.9132291229 
0.0417547999297 0.0450160771704 0.9132291229 
0.0417547999297 0.0450160771704 0.9132291229 
0.0417547999297 0.0450160771704 0.9132291229 
0.0417547999297 0.0450160771704 0.9132291229 
0.0417547999297 0.0450160771704 0.9132291229 
0.0417547999297 0.0450160771704 0.9132291229 
0.0417547999297 0.0450160771704 0.9132291229 
0.0417547999297 0.0450160771704 0.9132291229 
0.0417547999297 0.0450160771704 0.9132291229 
0.0417547999297 0.0450160771704 0.9132291229 
0.0417547999297 0.0450160771704 0.9132291229 
0.0417547999297 0.0450160771704 0.9132291229 
0.0417547999297 0.0450160771704 0.9132291229 
0.0417547999297 0.0450160771704 0.9132291229 
0.0417547999297 0.0450160771704 0.9132291229 
0.0417547999297 0.0450160771704 0.9132291229 
0.0417547999297 0.0450160771704 0.9132291229 
0.0417547999297 0.0450160771704 0.9132291229 
0.0417547999297 0.0450160771704 0.9132291229 
0.0417547999297 0.0450160771704 0.9132291229 
0.0417547999297 0.0450160771704 0.9132291229 
0.0417547999297 0.0450160771704 0.9132291229 
0.0417547999297 0.0450160771704 0.9132291229 
0.0417547999297 0.0450160771704 0.9132291229 
0.0417547999297 0.0450160771704 0.9132291229 
0.0417547999297 0.0450160771704 0.9132291229 
0.0417547999297 0.0450160771704 0.9132291229 
0.0417547999297 0.0450160771704 0.9132291229 
0.0417547999297 0.0450160771704 0.9132291229 
0.0417547999297 0.0450160771704 0.9132291229 
0.0417547999297 0.0450160771704 0.9132291229 
0.0417547999297 0.0450160771704 0.9132291229 
0.0417547999297 0.0450160771704 0.9132291229 
0.0417547999297 0.0450160771704 0.9132291229 
0.0417547999297 0.0450160771704 0.9132291229 
0.0417547999297 0.0450160771704 0.9132291229 
0.0417547999297 0.0450160771704 0.9132291229 
0.0417547999297 0.0450160771704 0.9132291229 
0.0417547999297 0.0450160771704 0.9132291229 
0.0417547999297 0.0450160771704 0.9132291229 
0.0417547999297 0.0450160771704 0.9132291229 
0.0417547999297 0.0450160771704 0.9132291229 
0.0417547999297 0.0450160771704 0.9132291229 
0.0417547999297 0.0450160771704 0.9132291229 
0.0417547999297 0.0450160771704 0.9132291229 
0.0417547999297 0.0450160771704 0.9132291229 
0.0417547999297 0.0450160771704 0.9132291229 
0.0417547999297 0.0450160771704 0.9132291229 
0.0417547999297 0.0450160771704 0.9132291229 
0.0417547999297 0.0450160771704 0.9132291229 
0.0417547999297 0.0450160771704 0.9132291229 
0.0417547999297 0.0450160771704 0.9132291229 
0.0417547999297 0.0450160771704 0.9132291229 
0.0417547999297 0.0450160771704 0.9132291229 
0.0417547999297 0.0450160771704 0.9132291229 
0.0417547999297 0.0450160771704 0.9132291229 
0.0417547999297 0.0450160771704 0.9132291229 
0.0417547999297 0.0450160771704 0.9132291229 
0.0417547999297 0.0450160771704 0.9132291229 
0.0417547999297 0.0450160771704 0.9132291229 
0.0417547999297 0.0450160771704 0.9132291229 
0.0417547999297 0.0450160771704 0.9132291229 
0.0417547999297 0.0450160771704 0.9132291229 
0.0417547999297 0.0450160771704 0.9132291229 
0.0417547999297 0.0450160771704 0.9132291229 
0.0417547999297 0.0450160771704 0.9132291229 
0.0417547999297 0.0450160771704 0.9132291229 
0.0417547999297 0.0450160771704 0.9132291229 
0.0417547999297 0.0450160771704 0.9132291229 
0.0417547999297 0.0450160771704 0.9132291229 
0.0417547999297 0.0450160771704 0.9132291229 
0.0417547999297 0.0450160771704 0.9132291229 
0.0417547999297 0.0450160771704 0.9132291229 
0.0417547999297 0.0450160771704 0.9132291229 
0.0417547999297 0.0450160771704 0.9132291229 
0.0417547999297 0.0450160771704 0.9132291229 
0.0417547999297 0.0450160771704 0.9132291229 
0.0417547999297 0.0450160771704 0.9132291229 
0.0417547999297 0.0450160771704 0.9132291229 
0.0417547999297 0.0450160771704 0.9132291229 
0.0417547999297 0.0450160771704 0.9132291229 
0.0417547999297 0.0450160771704 0.9132291229 
0.0417547999297 0.0450160771704 0.9132291229 
0.0417547999297 0.0450160771704 0.9132291229 
0.0417547999297 0.0450160771704 0.9132291229 
0.0417547999297 0.0450160771704 0.9132291229 
0.0417547999297 0.0450160771704 0.9132291229 
0.0417547999297 0.0450160771704 0.9132291229 
0.0417547999297 0.0450160771704 0.9132291229 
0.0417547999297 0.0450160771704 0.9132291229 
0.0417547999297 0.0450160771704 0.9132291229 
0.0417547999297 0.0450160771704 0.9132291229 
0.0417547999297 0.0450160771704 0.9132291229 
0.0417547999297 0.0450160771704 0.9132291229 
0.0417547999297 0.0450160771704 0.9132291229 
0.0417547999297 0.0450160771704 0.9132291229 
0.0417547999297 0.0450160771704 0.9132291229 
0.0417547999297 0.0450160771704 0.9132291229 
0.0417547999297 0.0450160771704 0.9132291229 
0.0417547999297 0.0450160771704 0.9132291229 
0.0417547999297 0.0450160771704 0.9132291229 
