7364.25023119 5115.98148637  5115.98148637 10870.5055107  	7622.90549789 5267.15253926  5267.15253926 11453.4094859  	8545.10181706 5909.29967576  5909.29967576 13651.1326155  	
5581.4191845 3787.11131642  3787.11131642 7833.22812696  	7538.23492463 5225.94048825  5225.94048825 11223.9986312  	19683.3885127 14270.2577227  14270.2577227 44361.3014741  	
1625.42847234 726.050876018  726.050876018 2441.02136045  	3474.47233457 2185.05851163  2185.05851163 6140.69548815  	49482.1262631 72448.2278956  72448.2278956 126018.330762  	
865.8706826 195.547903937  195.547903937 1201.68913752  	1916.67834631 867.177934467  867.177934467 2973.40793773  	50105.9019664 66025.6356217  66025.6356217 103617.401827  	
625.801332228 34.9933390204  34.9933390204 807.96469705  	1582.20371573 626.412822255  626.412822255 2349.83363579  	42181.6967513 54202.1059884  54202.1059884 88592.1183136  	
498.069227225 -42.4389605095  -42.4389605095 565.999567884  	1436.28525321 507.062510756  507.062510756 2150.82072404  	37737.7042935 47476.9199134  47476.9199134 80715.1363128  	
412.203839573 -74.9428451776  -74.9428451776 400.611116916  	1366.46705151 448.175821413  448.175821413 2061.87178337  	35466.0475406 43741.2354427  43741.2354427 76026.7464132  	
340.105030371 -86.213114998  -86.213114998 294.215146603  	1333.13720371 421.829070586  421.829070586 2025.37942484  	34252.322888 41643.7998383  41643.7998383 73245.7513744  	
272.734869928 -87.27435852  -87.27435852 223.245118823  	1321.56638653 414.517575246  414.517575246 2023.7225797  	33615.120295 40503.7505089  40503.7505089 71670.138238  	
214.778800318 -81.6333209886  -81.6333209886 177.220329464  	1326.61104807 420.633631067  420.633631067 2051.38297291  	33330.998478 39962.8444334  39962.8444334 70900.9588451  	
174.251290232 -73.7645437833  -73.7645437833 151.062438373  	1345.1863028 437.453817332  437.453817332 2104.78506942  	33298.589398 39840.1379774  39840.1379774 70717.7238204  	
152.131238049 -67.9822493988  -67.9822493988 139.499093359  	1371.19421217 460.466399768  460.466399768 2171.36790263  	33459.7793393 40027.8105463  40027.8105463 70974.1816024  	
143.249998911 -65.287232399  -65.287232399 137.428137405  	1396.98954586 483.557420911  483.557420911 2233.74081129  	33739.6896571 40408.9649776  40408.9649776 71501.4774996  	
142.030624357 -64.9325070571  -64.9325070571 140.561709635  	1418.40147377 503.177621745  503.177621745 2283.65363534  	34048.1688253 40853.8579261  40853.8579261 72113.9318776  	
144.836826639 -66.1384093249  -66.1384093249 146.08860559  	1435.06242859 518.972320769  518.972320769 2322.1178203  	34325.5435817 41271.5072594  41271.5072594 72683.9144375  	
149.732562489 -68.4813935718  -68.4813935718 152.544748612  	1448.09883855 531.8351016  531.8351016 2352.5723169  	34553.4687369 41625.5772508  41625.5772508 73161.9843018  	
155.773502269 -71.7713169348  -71.7713169348 159.290781348  	1458.71081592 542.70106135  542.70106135 2377.74660648  	34735.773807 41914.0504402  41914.0504402 73546.8809179  	
162.519716623 -75.9101139841  -75.9101139841 166.091193254  	1467.77814145 552.254344849  552.254344849 2399.37347237  	34882.3891998 42147.9798255  42147.9798255 73855.1362067  	
169.771140825 -80.8175137888  -80.8175137888 172.877586624  	1475.86848107 560.954684755  560.954684755 2418.53151203  	35002.7039544 42340.3578962  42340.3578962 74105.4245461  	
177.431662225 -86.4018946491  -86.4018946491 179.635465224  	1483.3260138 569.107305284  569.107305284 2435.91648535  	35103.9606532 42502.1741701  42502.1741701 74313.2289089  	
185.440545986 -92.5527949832  -92.5527949832 186.356187633  	1490.34673662 576.913567719  576.913567719 2451.98723815  	35191.3492623 42641.6839285  42641.6839285 74490.0203437  	
193.73958991 -99.1431524777  -99.1431524777 193.02046354  	1497.0288776 584.501762321  584.501762321 2467.04087208  	35268.460495 42764.734996  42764.734996 74643.8554689  	
202.260065315 -106.036147876  -106.036147876 199.59657735  	1503.40600166 591.946318939  591.946318939 2481.2573036  	35337.7115648 42875.304303  42875.304303 74780.2041336  	
210.920895117 -113.094077999  -113.094077999 206.044967979  	1509.47064714 599.281400705  599.281400705 2494.73206122  	35400.6781413 42975.9883843  42975.9883843 74902.6680469  	
219.632901644 -120.187371903  -120.187371903 212.324698565  	1515.19283998 606.511981347  606.511981347 2507.50399071  	35458.3468828 43068.4025017  43068.4025017 75013.5436165  	
228.305622034 -127.202183983  -127.202183983 218.399328154  	1520.53489735 613.623626469  613.623626469 2519.57900645  	35511.3103681 43153.4979958  43153.4979958 75114.2540245  	
236.854262927 -134.045505008  -134.045505008 224.240950953  	1525.46246344 620.591146194  620.591146194 2530.9491492  	35559.9178976 43231.8115969  43231.8115969 75205.6779775  	
245.205279183 -140.647415947  -140.647415947 229.832078789  	1529.95151051 627.385823869  627.385823869 2541.60620062  	35604.3884587 43303.6546336  43303.6546336 75288.3924196  	
253.299874431 -146.960748105  -146.960748105 235.165653645  	1533.99149912 633.980880024  633.980880024 2551.54985534  	35644.8894416 43369.2470664  43369.2470664 75362.8405656  	
261.095364211 -152.958821708  -152.958821708 240.243779197  	1537.58544549 640.355030597  640.355030597 2560.79124551  	35681.5852455 43428.8023115  43428.8023115 75429.436253  	
268.564756922 -158.632065174  -158.632065174 245.075799718  	1540.7479495 646.4942705  646.4942705 2569.3530831  	35714.6615251 43482.5715113  43482.5715113 75488.6175981  	
275.695095086 -163.984233267  -163.984233267 249.676231473  	1543.50222666 652.392227568  652.392227568 2577.26776146  	35744.3318776 43530.8578455  43530.8578455 75540.8642734  	
282.48511092 -169.028750145  -169.028750145 254.062870568  	1545.87696154 658.049529569  658.049529569 2584.57454919  	35770.8336466 43574.0116135  43574.0116135 75586.6921012  	
288.94265623 -173.785493001  -173.785493001 258.255234977  	1547.90350025 663.472614336  663.472614336 2591.31667642  	35794.4184134 43612.4153108  43612.4153108 75626.6363012  	
295.082230981 -178.278156171  -178.278156171 262.273379161  	1549.61362909 668.672330326  668.672330326 2597.53878157  	35815.3411689 43646.4655297  43646.4655297 75661.231537  	
300.922801908 -182.532212703  -182.532212703 266.137050253  	1551.03799262 673.662566301  673.662566301 2603.284924  	35833.85059 43676.5560175  43676.5560175 75690.9937575  	
306.485995529 -186.573417844  -186.573417844 269.865123869  	1552.20509086 678.459046764  678.459046764 2608.59719319  	35850.1815791 43703.0641218  43703.0641218 75716.406278  	
311.794675791 -190.426765211  -190.426765211 273.475251098  	1553.14074489 683.07835048  683.07835048 2613.51484738  	35864.5503504 43726.3413454  43726.3413454 75737.9107744  	
316.871872526 -194.115798306  -194.115798306 276.983654526  	1553.86791012 687.53715658  687.53715658 2618.0738743  	35877.1518411 43746.7078133  43746.7078133 75755.9028179  	
321.740005829 -197.662186708  -197.662186708 280.405022533  	1554.40672939 691.851693018  691.851693018 2622.30686066  	35888.1589894 43764.4499945  43764.4499945 75770.7310836  	
326.42034586 -201.085489794  -201.085489794 283.752463171  	1554.77473852 696.037349338  696.037349338 2626.24307044  	35897.7233713 43779.820873  43779.820873 75782.6992421  	
330.932651013 -204.403046443  -204.403046443 287.037489802  	1554.98715973 700.10841365  700.10841365 2629.90865224  	35905.976734 43793.0418058  43793.0418058 75792.0696221  	
335.294935442 -207.629944122  -207.629944122 290.270019595  	1555.05723779 704.077897735  704.077897735 2633.32691689  	35913.0330525 43804.3054266  43804.3054266 75799.0679018  	
339.52332652 -210.779033897  -210.779033897 293.458373052  	1554.99658911 707.957420834  707.957420834 2636.5186446  	35918.9908365 43813.7791121  43813.7791121 75803.8882831  	
343.631982515 -213.860968896  -213.860968896 296.609268332  	1554.8155453 711.75713004  711.75713004 2639.50239583  	35923.9355019 43821.6086671  43821.6086671 75806.6987749  	
347.633049569 -216.884252717  -216.884252717 299.72780863  	1554.5234803 715.485642288  715.485642288 2642.29480996  	35927.9416913 43827.9220068  43827.9220068 75807.6463531  	
351.53664489 -219.855291501  -219.855291501 302.817464536  	1554.12911454 719.149999189  719.149999189 2644.91088367  	35931.0754789 43832.8327014  43832.8327014 75806.8618636  	
355.350859618 -222.778449187  -222.778449187 305.88005648  	1553.64079162 722.755631386  722.755631386 2647.36422506  	35933.3964287 43836.4433084  43836.4433084 75804.4646002  	
359.08178033 -225.656109975  -225.656109975 308.915744971  	1553.06672404 726.306333645  726.306333645 2649.6672822  	35934.9594915 43838.8484531  43838.8484531 75800.5665224  	
362.733532394 -228.488755378  -228.488755378 311.923038436  	1552.41520355 729.804255544  729.804255544 2651.83154609  	35935.8167342 43840.1376339  43840.1376339 75795.2760849  	
366.308351353 -231.275065344  -231.275065344 314.898829761  	1551.69477115 733.249915286  733.249915286 2653.86772786  	35936.0188908 43840.3977303  43840.3977303 75788.7016468  	
369.806690047 -234.012053536  -234.012053536 317.838472832  	1550.91434098 736.642245711  736.642245711 2655.78591008  	35935.616721 43839.7151821  43839.7151821 75780.9544076  	
373.22736891 -236.695245834  -236.695245834 320.735909212  	1550.08327202 739.978681717  739.978681717 2657.59567139  	35934.662148 43838.1777992  43838.1777992 75772.1507951  	
376.567774901 -239.318908304  -239.318908304 323.583852215  	1549.21138243 743.255296838  743.255296838 2659.3061833  	35933.2091438 43835.8761468  43835.8761468 75762.414216  	
379.82411065 -241.876326253  -241.876326253 326.374031092  	1548.30890361 746.466993561  746.466993561 2660.92627798  	35931.3143201 43832.9044469  43832.9044469 75751.8760676  	
382.991690104 -244.360130012  -244.360130012 329.097492003  	1547.38637409 749.607747209  749.607747209 2662.46448626  	35929.0371884 43829.3609389  43829.3609389 75740.675922  	
386.065270903 -246.762656403  -246.762656403 331.744945619  	1546.45447832 752.670897357  752.670897357 2663.92904628  	35926.4400596 43825.347661  43825.347661 75728.9608227  	
389.039407797 -249.076328498  -249.076328498 334.307144404  	1545.52384013 755.649474493  755.649474493 2665.32788447  	35923.5875723 43820.9696406  43820.9696406 75716.883684  	
391.908806853 -251.294031458  -251.294031458 336.775267246  	1544.60478541 758.536544105  758.536544105 2666.66857278  	35920.5458652 43816.3335274  43816.3335274 75704.6008517  	
394.668657944 -253.409459949  -253.409459949 339.141285983  	1543.70709236 761.325546533  761.325546533 2667.9582677  	35917.381439 43811.5457494  43811.5457494 75692.2689647  	
397.314923655 -255.417413613  -255.417413613 341.398288498  	1542.83974915 764.010609712  764.010609712 2669.20363858  	35914.1597858 43806.7103225  43806.7103225 75680.0413276  	
399.844566454 -257.314021238  -257.314021238 343.54073646  	1542.01073829 766.586813677  766.586813677 2670.41079339  	35910.9438875 43801.9264812  43801.9264812 75668.064067  	
402.255702052 -259.096881106  -259.096881106 345.564642078  	1541.22686417 769.050390297  769.050390297 2671.58521056  	35907.7927033 43797.2863235  43797.2863235 75656.4723702  	
404.547674309 -260.765113311  -260.765113311 347.467656363  	1540.49363522 771.398848299  771.398848299 2672.73168443  	35904.7597668 43792.8726605  43792.8726605 75645.3871043  	
406.721054642 -262.319328166  -262.319328166 349.249069923  	1539.81520651 773.631021211  773.631021211 2673.85429026  	35901.8920019 43788.7572397  43788.7572397 75634.9120673  	
408.777575277 -263.761521973  -263.761521973 350.909735043  	1539.19438241 775.747043035  775.747043035 2674.9563725  	35899.2288421 43784.9994672  43784.9994672 75625.1320572  	
410.72001027 -265.09491639  -265.09491639 352.451923545  	1538.6326739 777.748262318  777.748262318 2676.04055748  	35896.8017038 43781.6457026  43781.6457026 75616.1118541  	
412.552020433 -266.323760049  -266.323760049 353.879138289  	1538.13040107 779.637109074  779.637109074 2677.10878916  	35894.6338282 43778.7291368  43778.7291368 75607.8961212  	
414.27797844 -267.453111045  -267.453111045 355.195896989  	1537.68682917 781.416930587  781.416930587 2678.16238477  	35892.7404726 43776.2702169  43776.2702169 75600.5101483  	
415.902788712 -268.488616956  -268.488616956 356.407505792  	1537.3003257 783.091811688  783.091811688 2679.20210582  	35891.1294031 43774.2775336  43774.2775336 75593.9613025  	
417.431713992 -269.436305811  -269.436305811 357.51983734  	1536.96852711 784.666393152  784.666393152 2680.22823904  	35889.8016253 43772.749066  43772.749066 75588.241009  	
418.870217254 -270.302397657  -270.302397657 358.539124547  	1536.68850465 786.145698998  786.145698998 2681.24068211  	35888.7522772 43771.6736644  43771.6736644 75583.3270772  	
420.223824396 -271.093142623  -271.093142623 359.47177762  	1536.45692164 787.534980316  787.534980316 2682.23902931  	35887.9716114 43771.032655  43771.032655 75579.1861896  	
421.498010344 -271.814688109  -271.814688109 360.324228516  	1536.2701763 788.839580182  788.839580182 2683.22265303  	35887.4460015 43770.8014642  43770.8014642 75575.7763991  	
422.69810891 -272.472975098  -272.472975098 361.10280417  	1536.12452675 790.064821628  790.064821628 2684.19077824  	35887.1589161 43770.9511779  43770.9511779 75573.0495063  	
423.829245137 -273.073661742  -273.073661742 361.813627706  	1536.01619636 791.215918601  791.215918601 2685.14254779  	35887.0918206 43771.4499749  43771.4499749 75570.9532283  	
424.8962878 -273.622071182  -273.622071182 362.462545413  	1535.9414595 792.297908405  792.297908405 2686.07707766  	35887.2249786 43772.264392  43772.264392 75569.4330999  	
425.903819178 -274.123159973  -274.123159973 363.055076355  	1535.89670853 793.31560329  793.31560329 2686.99350176  	35887.5381384 43773.3604015  43773.3604015 75568.4340802  	
426.85611907 -274.581503347  -274.581503347 363.596381174  	1535.87850366 794.273558365  794.273558365 2687.89100676  	35888.0110993 43774.7042944  43774.7042944 75567.9018598  	
427.757160084 -275.001293692  -275.001293692 364.09124655  	1535.88360796 795.176052983  795.176052983 2688.76885768  	35888.6241606 43776.263376  43776.263376 75567.7838814  	
428.610611515 -275.386348974  -275.386348974 364.544082035  	1535.90900965 796.027082831  796.027082831 2689.62641534  	35889.3584624 43778.0064887  43778.0064887 75568.0300995  	
429.419849475 -275.740128302  -275.740128302 364.958926299  	1535.95193387 796.830360259  796.830360259 2690.46314695  	35890.1962302 43779.9043823  43779.9043823 75568.5935104  	
430.18797132 -276.065752274  -276.065752274 365.339460252  	1536.00984624 797.589320717  797.589320717 2691.27863089  	35891.1209362 43781.9299526  43781.9299526 75569.4304874  	
430.917812775 -276.366026229  -276.366026229 365.689024917  	1536.08044984 798.307133499  798.307133499 2692.07255703  	35892.1173917 43784.0583718  43784.0583718 75570.5009551  	
431.611966546 -276.643464939  -276.643464939 366.010642337  	1536.16167754 798.986715374  798.986715374 2692.8447236  	35893.1717843 43786.2671324  43786.2671324 75571.7684371  	
432.272801446 -276.90031765  -276.90031765 366.307038176  	1536.25168085 799.630745955  799.630745955 2693.59503146  	35894.2716717 43788.5360227  43788.5360227 75573.2000043  	
432.902481372 -277.138592651  -277.138592651 366.580664974  	1536.34881651 800.241683939  800.241683939 2694.32347676  	35895.4059433 43790.8470523  43790.8470523 75574.7661515  	
433.502983641 -277.360080844  -277.360080844 366.833725286  	1536.45163185 800.821783577  800.821783577 2695.0301424  	35896.5647582 43793.1843425  43793.1843425 75576.4406223  	
434.076116363 -277.566377941  -277.566377941 367.068194168  	1536.5588494 801.37311089  801.37311089 2695.71518907  	35897.7394676 43795.5339914  43795.5339914 75578.2002008  	
434.623534663 -277.758905085  -277.758905085 367.285840614  	1536.66935153 801.897559326  801.897559326 2696.37884605  	35898.9225287 43797.8839267  43797.8839267 75580.024484  	
435.146755646 -277.938927783  -277.938927783 367.488247727  	1536.78216541 802.396864629  802.396864629 2697.02140219  	35900.1074123 43800.2237504  43800.2237504 75581.8956466  	
435.64717209 -278.107573164  -278.107573164 367.676831468  	1536.89644855 802.8726188  802.8726188 2697.64319732  	35901.2885109 43802.5445841  43802.5445841 75583.7982047  	
436.126064862 -278.265845556  -278.265845556 367.852857933  	1537.01147516 803.326283072  803.326283072 2698.24461412  	35902.4610477 43804.8389168  43804.8389168 75585.7187867  	
436.58461413 -278.414640503  -278.414640503 368.017459159  	1537.12662346 803.759199891  803.759199891 2698.82607063  	35903.6209895 43807.10046  43807.10046 75587.6459142  	
437.023909434 -278.554757287  -278.554757287 368.171647489  	1537.24136394 804.172603907  804.172603907 2699.3880134  	35904.7649644 43809.324011  43809.324011 75589.5697964  	
437.444958698 -278.686910082  -278.686910082 368.316328565  	1537.35524864 804.567632012  804.567632012 2699.93091137  	35905.8901855 43811.5053254  43811.5053254 75591.4821383  	
437.848696274 -278.811737864  -278.811737864 368.452313028  	1537.46790138 804.945332465  804.945332465 2700.45525035  	35906.9943801 43813.6410009  43813.6410009 75593.3759657  	
438.235990113 -278.929813171  -278.929813171 368.580327016  	1537.57900898 805.306673172  805.306673172 2700.96152819  	35908.075726 43815.7283707  43815.7283707 75595.2454651  	
438.607648139 -279.041649857  -279.041649857 368.70102156  	1537.68831333 805.652549175  805.652549175 2701.45025053  	35909.132793 43817.7654075  43817.7654075 75597.0858391  	
438.964423923 -279.147709919  -279.147709919 368.814980964  	1537.79560436 805.983789414  805.983789414 2701.92192714  	35910.1644909 43819.750637  43819.750637 75598.8931766  	
439.307021713 -279.248409516  -279.248409516 368.92273027  	1537.90071374 806.301162817  806.301162817 2702.37706874  	35911.1700232 43821.6830615  43821.6830615 75600.6643367  	
439.636100923 -279.344124263  -279.344124263 369.024741896  	1538.00350927 806.605383794  806.605383794 2702.81618429  	35912.1488451 43823.5620911  43823.5620911 75602.3968454  	
439.952280104 -279.435193885  -279.435193885 369.121441524  	1538.10389 806.89711717  806.89711717 2703.23977873  	35913.1006276 43825.3874833  43825.3874833 75604.0888041  	
440.256140498 -279.521926306  -279.521926306 369.213213321  	1538.20178185 807.176982629  807.176982629 2703.64835109  	35914.0252247 43827.15929  43827.15929 75605.7388089  	
440.548229186 -279.604601245  -279.604601245 369.300404565  	1538.29713378 807.445558703  807.445558703 2704.04239288  	35914.9226456 43828.8778111  43828.8778111 75607.3458798  	
440.829061908 -279.683473368  -279.683473368 369.38332974  	1538.38991445 807.703386362  807.703386362 2704.42238678  	35915.7930296 43830.5435531  43830.5435531 75608.909398  	
441.099125581 -279.758775064  -279.758775064 369.462274153  	1538.4801093 807.950972241  807.950972241 2704.7888057  	35916.6366247 43832.1571943  43832.1571943 75610.4290521  	
441.358880545 -279.83071888  -279.83071888 369.537497136  	1538.56771795 808.188791539  808.188791539 2705.14211185  	35917.4537689 43833.7195535  43833.7195535 75611.9047897  	
441.60876259 -279.899499665  -279.899499665 369.609234879  	1538.65275198 808.417290632  808.417290632 2705.4827562  	35918.2448739 43835.2315637  43835.2315637 75613.3367768  	
441.849184765 -279.96529645  -279.96529645 369.677702922  	1538.73523299 808.636889421  808.636889421 2705.81117799  	35919.010411 43836.6942487  43836.6942487 75614.7253615  	
442.08053901 -280.028274109  -280.028274109 369.743098373  	1538.81519091 808.847983453  808.847983453 2706.12780439  	35919.7508993 43838.1087036  43838.1087036 75616.0710432  	
442.30319764 -280.088584818  -280.088584818 369.805601855  	1538.89266254 809.050945827  809.050945827 2706.43305033  	35920.466895 43839.4760778  43839.4760778 75617.3744451  	
442.517514669 -280.146369343  -280.146369343 369.865379234  	1538.96769028 809.246128918  809.246128918 2706.72731838  	35921.1589826 43840.7975601  43840.7975601 75618.6362918  	
442.723827024 -280.201758177  -280.201758177 369.922583147  	1539.04032103 809.433865939  809.433865939 2707.01099873  	35921.8277676 43842.0743669  43842.0743669 75619.8573887  	
442.922455647 -280.254872541  -280.254872541 369.97735435  	1539.11060529 809.614472346  809.614472346 2707.28446926  	35922.4738695 43843.3077313  43843.3077313 75621.0386053  	
443.113706492 -280.305825277  -280.305825277 370.029822916  	1539.17859628 809.788247119  809.788247119 2707.54809563  	35923.0979169 43844.4988943  43844.4988943 75622.18086  	
443.297871444 -280.354721626  -280.354721626 370.08010929  	1539.24434933 809.955473918  809.955473918 2707.80223145  	35923.7005423 43845.6490974  43845.6490974 75623.2851083  	
443.475229156 -280.401659935  -280.401659935 370.128325233  	1539.30792122 810.116422137  810.116422137 2708.0472185  	35924.2823788 43846.7595763  43846.7595763 75624.3523313  	
443.646045818 -280.446732269  -280.446732269 370.17457465  	1539.36936974 810.271347861  810.271347861 2708.2833869  	35924.8440566 43847.831556  43847.831556 75625.3835274  	
443.810575863 -280.490024963  -280.490024963 370.218954329  	1539.4287532 810.420494743  810.420494743 2708.51105543  	35925.3862002 43848.866246  43848.866246 75626.379704  	
443.969062622 -280.531619118  -280.531619118 370.261554603  	1539.4861301 810.564094798  810.564094798 2708.73053175  	35925.9094263 43849.8648372  43849.8648372 75627.3418714  	
444.121738925 -280.571591031  -280.571591031 370.302459927  	1539.54155885 810.702369134  810.702369134 2708.94211274  	35926.4143422 43850.8284993  43850.8284993 75628.2710376  	
444.268827663 -280.610012594  -280.610012594 370.341749407  	1539.59509745 810.835528619  810.835528619 2709.14608474  	35926.9015438 43851.7583778  43851.7583778 75629.1682031  	
444.410542298 -280.64695164  -280.64695164 370.379497259  	1539.64680335 810.963774496  810.963774496 2709.34272389  	35927.3716152 43852.6555929  43852.6555929 75630.034358  	
444.547087356 -280.682472259  -280.682472259 370.415773222  	1539.69673322 811.087298948  811.087298948 2709.53229643  	35927.8251271 43853.5212382  43853.5212382 75630.8704781  	
444.678658866 -280.716635082  -280.716635082 370.450642938  	1539.74494285 811.206285614  811.206285614 2709.715059  	35928.2626365 43854.3563793  43854.3563793 75631.6775233  	
444.805444786 -280.749497535  -280.749497535 370.484168273  	1539.79148699 811.320910073  811.320910073 2709.89125894  	35928.6846863 43855.1620533  43855.1620533 75632.456435  	
444.92762539 -280.78111407  -280.78111407 370.516407626  	1539.83641929 811.431340282  811.431340282 2710.06113462  	35929.0918046 43855.9392687  43855.9392687 75633.2081346  	
445.045373638 -280.811536373  -280.811536373 370.547416188  	1539.87979223 811.537736992  811.537736992 2710.22491574  	35929.4845047 43856.6890047  43856.6890047 75633.9335224  	
445.158855522 -280.840813552  -280.840813552 370.577246188  	1539.92165704 811.640254126  811.640254126 2710.38282357  	35929.8632851 43857.4122117  43857.4122117 75634.6334768  	
445.268230384 -280.868992308  -280.868992308 370.605947112  	1539.96206367 811.739039133  811.739039133 2710.53507133  	35930.2286293 43858.1098109  43858.1098109 75635.3088535  	
445.373651226 -280.896117096  -280.896117096 370.633565896  	1540.00106079 811.834233319  811.834233319 2710.68186441  	35930.581006 43858.7826951  43858.7826951 75635.9604851  	
445.475264995 -280.92223026  -280.92223026 370.660147105  	1540.03869572 811.925972151  811.925972151 2710.82340064  	35930.9208692 43859.4317286  43859.4317286 75636.5891808  	
445.573212852 -280.947372168  -280.947372168 370.685733095  	1540.07501449 812.014385551  812.014385551 2710.95987063  	35931.2486584 43860.0577479  43860.0577479 75637.1957265  	
445.667630429 -280.971581332  -280.971581332 370.710364161  	1540.11006176 812.099598156  812.099598156 2711.09145795  	35931.5647987 43860.6615623  43860.6615623 75637.7808846  	
445.758648074 -280.994894513  -280.994894513 370.734078669  	1540.14388089 812.181729577  812.181729577 2711.21833944  	35931.8697016 43861.2439542  43861.2439542 75638.3453944  	
445.846391075 -281.017346828  -281.017346828 370.756913178  	1540.17651394 812.260894629  812.260894629 2711.34068543  	35932.1637643 43861.8056799  43861.8056799 75638.8899722  	
445.930979877 -281.038971839  -281.038971839 370.778902551  	1540.20800166 812.337203559  812.337203559 2711.45866  	35932.4473712 43862.3474699  43862.3474699 75639.4153117  	
446.012530294 -281.059801637  -281.059801637 370.800080059  	1540.23838351 812.41076225  812.41076225 2711.57242117  	35932.7208933 43862.8700303  43862.8700303 75639.9220841  	
446.091153696 -281.079866927  -281.079866927 370.820477474  	1540.26769774 812.481672419  812.481672419 2711.68212118  	35932.9846889 43863.3740425  43863.3740425 75640.4109391  	
446.166957201 -281.099197099  -281.099197099 370.840125154  	1540.29598132 812.550031804  812.550031804 2711.78790667  	35933.239104 43863.8601649  43863.8601649 75640.8825047  	
446.240043848 -281.117820296  -281.117820296 370.859052125  	1540.32327006 812.615934338  812.615934338 2711.88991889  	35933.4844727 43864.3290326  43864.3290326 75641.3373883  	
446.310512768 -281.135763477  -281.135763477 370.877286152  	1540.34959857 812.679470315  812.679470315 2711.9882939  	35933.7211172 43864.7812589  43864.7812589 75641.7761766  	
446.378459339 -281.15305248  -281.15305248 370.894853807  	1540.37500032 812.740726547  812.740726547 2712.08316279  	35933.9493485 43865.2174354  43865.2174354 75642.1994368  	
446.443975345 -281.169712073  -281.169712073 370.911780536  	1540.39950767 812.799786511  812.799786511 2712.17465181  	35934.1694668 43865.6381331  43865.6381331 75642.6077165  	
446.507149114 -281.18576601  -281.18576601 370.928090713  	1540.42315189 812.856730493  812.856730493 2712.26288263  	35934.3817616 43866.0439028  43866.0439028 75643.0015446  	
446.568065665 -281.201237079  -281.201237079 370.943807696  	1540.44596318 812.91163572  812.91163572 2712.34797244  	35934.5865119 43866.4352759  43866.4352759 75643.381432  	
446.626806832 -281.216147143  -281.216147143 370.958953878  	1540.46797074 812.964576487  812.964576487 2712.43003414  	35934.7839872 43866.8127649  43866.8127649 75643.7478716  	
446.683451397 -281.23051719  -281.23051719 370.973550734  	1540.48920275 813.015624278  813.015624278 2712.50917652  	35934.9744472 43867.1768642  43867.1768642 75644.1013395  	
446.738075206 -281.244367369  -281.244367369 370.987618868  	1540.50968644 813.064847882  813.064847882 2712.5855044  	35935.1581424 43867.5280506  43867.5280506 75644.4422949  	
446.790751288 -281.257717029  -281.257717029 371.001178051  	1540.5294481 813.112313502  813.112313502 2712.65911875  	35935.3353142 43867.8667839  43867.8667839 75644.7711811  	
446.841549963 -281.270584755  -281.270584755 371.01424726  	1540.5485131 813.158084857  813.158084857 2712.7301169  	35935.5061955 43868.1935076  43868.1935076 75645.0884258  	
446.89053895 -281.282988403  -281.282988403 371.026844718  	1540.56690596 813.202223287  813.202223287 2712.7985926  	35935.671011 43868.5086494  43868.5086494 75645.3944418  	
446.937783464 -281.294945131  -281.294945131 371.038987926  	1540.58465031 813.244787843  813.244787843 2712.86463622  	35935.829977 43868.8126216  43868.8126216 75645.6896273  	
446.983346319 -281.306471427  -281.306471427 371.050693697  	1540.60176901 813.28583538  813.28583538 2712.92833482  	35935.9833024 43869.1058218  43869.1058218 75645.9743662  	
447.027288015 -281.317583142  -281.317583142 371.061978184  	1540.61828407 813.325420643  813.325420643 2712.98977231  	35936.1311884 43869.3886336  43869.3886336 75646.2490293  	
447.069666828 -281.328295518  -281.328295518 371.072856912  	1540.63421677 813.363596349  813.363596349 2713.04902957  	35936.273829 43869.6614266  43869.6614266 75646.5139738  	
447.1105389 -281.338623206  -281.338623206 371.083344804  	1540.64958763 813.400413269  813.400413269 2713.10618451  	35936.4114113 43869.9245574  43869.9245574 75646.7695446  	
447.149958312 -281.348580301  -281.348580301 371.093456206  	1540.66441645 813.435920299  813.435920299 2713.16131225  	35936.5441157 43870.1783697  43870.1783697 75647.0160742  	
447.18797717 -281.358180358  -281.358180358 371.103204916  	1540.67872234 813.47016454  813.47016454 2713.21448519  	35936.672116 43870.423195  43870.423195 75647.2538834  	
447.224645677 -281.367436415  -281.367436415 371.112604199  	1540.69252375 813.503191357  813.503191357 2713.2657731  	35936.79558 43870.6593529  43870.6593529 75647.4832815  	
447.260012203 -281.37636102  -281.37636102 371.121666818  	1540.70583847 813.535044454  813.535044454 2713.31524323  	35936.9146691 43870.8871516  43870.8871516 75647.7045669  	
447.294123358 -281.384966243  -281.384966243 371.13040505  	1540.71868366 813.565765936  813.565765936 2713.36296041  	35937.0295392 43871.1068882  43871.1068882 75647.9180273  	
447.327024055 -281.393263701  -281.393263701 371.138830706  	1540.73107588 813.595396366  813.595396366 2713.40898712  	35937.1403405 43871.3188493  43871.3188493 75648.1239403  	
447.358757576 -281.401264573  -281.401264573 371.146955154  	1540.74303113 813.623974828  813.623974828 2713.4533836  	35937.247218 43871.5233111  43871.5233111 75648.3225735  	
447.389365632 -281.408979622  -281.408979622 371.15478933  	1540.7545648 813.651538981  813.651538981 2713.49620792  	35937.3503112 43871.72054  43871.72054 75648.514185  	
447.418888422 -281.416419206  -281.416419206 371.162343765  	1540.76569179 813.678125111  813.678125111 2713.53751605  	35937.4497547 43871.910793  43871.910793 75648.6990239  	
447.447364688 -281.423593297  -281.423593297 371.16962859  	1540.77642643 813.703768189  813.703768189 2713.57736195  	35937.5456784 43872.0943177  43872.0943177 75648.8773302  	
447.474831771 -281.430511497  -281.430511497 371.176653563  	1540.78678257 813.728501914  813.728501914 2713.61579765  	35937.6382074 43872.271353  43872.271353 75649.0493354  	
447.501325663 -281.43718305  -281.43718305 371.183428077  	1540.79677358 813.752358761  813.752358761 2713.65287329  	35937.7274624 43872.4421291  43872.4421291 75649.2152629  	
447.526881055 -281.443616859  -281.443616859 371.189961174  	1540.80641232 813.775370031  813.775370031 2713.68863723  	35937.8135597 43872.6068682  43872.6068682 75649.3753281  	
447.551531389 -281.449821496  -281.449821496 371.196261564  	1540.81571124 813.797565892  813.797565892 2713.7231361  	35937.8966116 43872.7657845  43872.7657845 75649.5297385  	
447.575308899 -281.455805218  -281.455805218 371.202337633  	1540.82468232 813.818975421  813.818975421 2713.75641483  	35937.9767261 43872.9190843  43872.9190843 75649.6786946  	
447.59824466 -281.461575977  -281.461575977 371.208197458  	1540.83333713 813.839626646  813.839626646 2713.78851677  	35938.0540077 43873.0669671  43873.0669671 75649.8223896  	
447.620368627 -281.467141433  -281.467141433 371.213848819  	1540.84168683 813.859546581  813.859546581 2713.81948369  	35938.1285567 43873.2096246  43873.2096246 75649.9610097  	
447.641709679 -281.472508964  -281.472508964 371.219299208  	1540.84974219 813.87876127  813.87876127 2713.8493559  	35938.2004704 43873.3472422  43873.3472422 75650.0947347  	
447.662295657 -281.477685679  -281.477685679 371.224555845  	1540.85751358 813.897295816  813.897295816 2713.87817223  	35938.2698421 43873.4799985  43873.4799985 75650.2237377  	
447.682153404 -281.482678424  -281.482678424 371.229625684  	1540.86501104 813.915174421  813.915174421 2713.90597015  	35938.336762 43873.6080657  43873.6080657 75650.3481861  	
447.701308798 -281.487493797  -281.487493797 371.234515422  	1540.87224422 813.932420415  813.932420415 2713.93278578  	35938.401317 43873.7316099  43873.7316099 75650.468241  	
447.71978679 -281.492138155  -281.492138155 371.239231516  	1540.87922245 813.949056291  813.949056291 2713.95865395  	35938.4635911 43873.8507912  43873.8507912 75650.5840578  	
447.737611436 -281.496617622  -281.496617622 371.243780184  	1540.88595472 813.965103735  813.965103735 2713.98360825  	35938.5236651 43873.9657643  43873.9657643 75650.6957866  	
447.754805932 -281.500938101  -281.500938101 371.248167419  	1540.8924497 813.980583654  813.980583654 2714.00768106  	35938.5816169 43874.076678  43874.076678 75650.8035718  	
447.771392643 -281.505105277  -281.505105277 371.252398995  	1540.89871578 813.995516205  813.995516205 2714.03090363  	35938.6375218 43874.183676  43874.183676 75650.9075531  	
447.787393135 -281.509124633  -281.509124633 371.256480478  	1540.90476101 814.009920825  814.009920825 2714.05330607  	35938.6914523 43874.286897  43874.286897 75651.007865  	
447.802828202 -281.513001449  -281.513001449 371.260417228  	1540.9105932 814.023816252  814.023816252 2714.07491743  	35938.7434782 43874.3864746  43874.3864746 75651.1046371  	
447.817717895 -281.516740815  -281.516740815 371.264214417  	1540.91621985 814.037220558  814.037220558 2714.09576573  	35938.7936671 43874.4825377  43874.4825377 75651.1979947  	
447.832081551 -281.520347639  -281.520347639 371.267877023  	1540.92164822 814.050151163  814.050151163 2714.11587797  	35938.8420839 43874.5752105  43874.5752105 75651.2880585  	
447.845937814 -281.523826648  -281.523826648 371.271409848  	1540.92688529 814.06262487  814.06262487 2714.13528022  	35938.8887915 43874.6646131  43874.6646131 75651.3749449  	
447.859304665 -281.5271824  -281.5271824 371.27481752  	1540.93193782 814.074657879  814.074657879 2714.1539976  	35938.9338503 43874.750861  43874.750861 75651.4587662  	
447.872199443 -281.530419288  -281.530419288 371.2781045  	1540.9368123 814.086265811  814.086265811 2714.17205434  	35938.9773186 43874.8340659  43874.8340659 75651.5396308  	
447.88463887 -281.533541547  -281.533541547 371.281275085  	1540.94151503 814.097463732  814.097463732 2714.18947382  	35939.0192527 43874.9143352  43874.9143352 75651.617643  	
447.89663907 -281.53655326  -281.53655326 371.284333423  	1540.94605205 814.108266168  814.108266168 2714.20627858  	35939.0597069 43874.9917727  43874.9917727 75651.6929037  	
447.908215595 -281.539458361  -281.539458361 371.287283506  	1540.95042921 814.118687129  814.118687129 2714.22249035  	35939.0987336 43875.0664786  43875.0664786 75651.7655101  	
447.919383443 -281.542260644  -281.542260644 371.290129188  	1540.95465215 814.128740125  814.128740125 2714.23813012  	35939.1363832 43875.1385493  43875.1385493 75651.8355559  	
447.930157078 -281.544963766  -281.544963766 371.292874182  	1540.95872629 814.138438185  814.138438185 2714.25321809  	35939.1727044 43875.208078  43875.208078 75651.9031316  	
447.940550449 -281.547571253  -281.547571253 371.295522066  	1540.9626569 814.147793875  814.147793875 2714.26777378  	35939.2077441 43875.2751545  43875.2751545 75651.9683245  	
447.950577009 -281.550086505  -281.550086505 371.298076293  	1540.96644902 814.156819312  814.156819312 2714.28181601  	35939.2415477 43875.3398654  43875.3398654 75652.0312185  	
447.960249736 -281.552512799  -281.552512799 371.300540191  	1540.97010754 814.165526184  814.165526184 2714.29536291  	35939.2741589 43875.4022943  43875.4022943 75652.091895  	
447.969581141 -281.554853294  -281.554853294 371.302916967  	1540.97363717 814.173925761  814.173925761 2714.30843199  	35939.3056198 43875.4625217  43875.4625217 75652.1504322  	
447.978583296 -281.557111038  -281.557111038 371.305209714  	1540.97704245 814.182028914  814.182028914 2714.32104013  	35939.335971 43875.5206255  43875.5206255 75652.2069057  	
